1754618609061 0.12718925162970154 0
1754618609208 0.10259520106389812 1
1754618609279 0.11335952251459362 2
1754618609291 0.10758492896309106 3
1754618609315 0.11025837176166149 4
1754618609355 0.11896065009310271 5
1754618609422 0.10336276992903212 6
1754618609591 0.10891354306063605 7
1754618609768 0.09104262036942579 8
1754618609832 0.10859734569643295 9
1754618609869 0.12343762947988357 10
1754618610038 0.09230049569279222 11
1754618610092 0.1218101325653563 12
1754618610223 0.10752936109732465 13
1754618610247 0.10842854406643272 14
1754618610387 0.11972855451955 15
1754618610537 0.09435577427264094 16
1754618610555 0.11976598449578331 17
1754618610575 0.11052237298356218 18
1754618610761 0.07726312365842294 19
1754618610886 0.09966040986501133 20
1754618611050 0.08848899314938066 21
1754618611191 0.10368135553686927 22
1754618611232 0.11016154848304802 23
1754618611391 0.09951018331971188 24
1754618611413 0.11098665335366924 25
1754618611471 0.10611260672927769 26
1754618611590 0.11829641823265251 27
1754618611679 0.10287991666747928 28
1754618611730 0.1271487350326341 29
1754618611795 0.09421604529925735 30
1754618611819 0.12510733135516386 31
1754618611861 0.10790823645222043 32
1754618611953 0.09777139421714649 33
1754618612099 0.08834268374404979 34
1754618612114 0.11470842619129551 35
1754618612263 0.09086816052285715 36
1754618612369 0.09538038415657303 37
1754618612446 0.10999267678794582 38
1754618612539 0.10144200301930577 39
1754618612570 0.12165978612316604 40
1754618612603 0.10421563025808825 41
1754618612629 0.11740910860267535 42
1754618612775 0.0992540083745784 43
1754618612924 0.09129255912135974 44
1754618612977 0.10342504299177949 45
1754618613046 0.1022677096623914 46
1754618613064 0.11471755042433082 47
1754618613121 0.12662823483866845 48
1754618613217 0.09512951931718297 49
1754618613235 0.10879181355413356 50
1754618613253 0.13365201440110508 51
1754618613373 0.11288628238612322 52
1754618613396 0.09620259222275628 53
1754618613521 0.09060581006638425 54
1754618613542 0.10398556409296453 55
1754618613656 0.09874589321439593 56
1754618613698 0.11778332336423414 57
1754618613710 0.11708543098353479 58
1754618613868 0.09468387917257727 59
1754618614041 0.08503232555960495 60
1754618614222 0.08142386970498211 61
1754618614262 0.12006602074350078 62
1754618614332 0.11050439338667159 63
1754618614474 0.09618848031424905 64
1754618614493 0.12132491644816752 65
1754618614630 0.09908576423668104 66
1754618614721 0.09596927209190408 67
1754618614875 0.09604224996539326 68
1754618614915 0.1049013008251904 69
1754618615023 0.09882208993455521 70
1754618615127 0.1011597675153201 71
1754618615276 0.1088455319811236 72
1754618615449 0.09129949388142876 73
1754618615465 0.10649070498997167 74
1754618615567 0.10511540981305423 75
1754618615643 0.10000566461876555 76
1754618615747 0.10274810233152454 77
1754618615794 0.0997706676108074 78
1754618615818 0.12012398821191161 79
