1754618609061 0.06615452136319952 0
1754618609208 0.04527313673127329 1
1754618609279 0.05582453901307455 2
1754618609291 0.10585437759246838 3
1754618609315 0.07365491493150178 4
1754618609355 0.07375642049645768 5
1754618609422 0.06334868715606459 6
1754618609591 0.052309088497972014 7
1754618609768 0.046540805531955394 8
1754618609832 0.06063840782136397 9
1754618609869 0.06515491925631652 10
1754618610038 0.04837865872919781 11
1754618610092 0.05945390098679284 12
1754618610223 0.060379624551481235 13
1754618610247 0.0854499614540832 14
1754618610387 0.052173245548730394 15
1754618610537 0.0570649113742203 16
1754618610555 0.11194103506555295 17
1754618610575 0.0706789660947561 18
1754618610761 0.04543515908016862 19
1754618610886 0.052116655659268804 20
1754618611050 0.04596319140080187 21
1754618611191 0.04857974361672893 22
1754618611232 0.06745266588891322 23
1754618611391 0.05004268537979868 24
1754618611413 0.08607650773801975 25
1754618611471 0.0583990420469916 26
1754618611590 0.05791145750586983 27
1754618611679 0.057615296015428384 28
1754618611730 0.05625643416198328 29
1754618611795 0.05566718963771543 30
1754618611819 0.07514819451388303 31
1754618611861 0.07371304922090201 32
1754618611953 0.0568782398941164 33
1754618612099 0.050545708314154 34
1754618612114 0.11307551697217325 35
1754618612263 0.05265413783085023 36
1754618612369 0.05512716716573777 37
1754618612446 0.059639199835470766 38
1754618612539 0.051351524116306745 39
1754618612570 0.08756168431008127 40
1754618612603 0.06558432140824497 41
1754618612629 0.09098902417016057 42
1754618612775 0.04521442617495279 43
1754618612924 0.054658418452466176 44
1754618612977 0.048732339967828484 45
1754618613046 0.06731821755626129 46
1754618613064 0.09434669087842038 47
1754618613121 0.048119944600388084 48
1754618613217 0.05426297381542596 49
1754618613235 0.08639440517531846 50
1754618613253 0.10989872100285862 51
1754618613373 0.054399606478441574 52
1754618613396 0.10202591827375203 53
1754618613521 0.051324074907062034 54
1754618613542 0.10061717799457977 55
1754618613656 0.05067057365038371 56
1754618613698 0.059522387515694906 57
1754618613710 0.11491616158735789 58
1754618613868 0.05829966442618395 59
1754618614041 0.048473946444162544 60
1754618614222 0.03363172984958741 61
1754618614262 0.061608217820407284 62
1754618614332 0.0770053549232043 63
1754618614474 0.04800547852436403 64
1754618614493 0.08853947472595305 65
1754618614630 0.0448788043185724 66
1754618614721 0.05520553495480488 67
1754618614875 0.04876203335773184 68
1754618614915 0.05739701988950582 69
1754618615023 0.05016312173683354 70
1754618615127 0.04911964978270518 71
1754618615276 0.04973637392637222 72
1754618615449 0.0426362607817755 73
1754618615465 0.08603647578660542 74
1754618615567 0.0598284536750172 75
1754618615643 0.06666063387329874 76
1754618615747 0.04501690526816325 77
1754618615794 0.06091635909136485 78
1754618615818 0.08968144658740355 79
