1754618609061 0.07740946449271657 0
1754618609208 0.042729035477726995 1
1754618609279 0.09766989492924764 2
1754618609291 0.09073972575682773 3
1754618609315 0.07519018886597788 4
1754618609355 0.08204123115063151 5
1754618609422 0.11466523374797984 6
1754618609591 0.06880160529128379 7
1754618609768 0.16658587052997173 8
1754618609832 0.08507172262938134 9
1754618609869 0.07572923508632527 10
1754618610038 0.1448434183823874 11
1754618610092 0.06775164777580897 12
1754618610223 0.1225658656752218 13
1754618610247 0.07553933427127077 14
1754618610387 0.18027775587868272 15
1754618610537 0.14409651628038436 16
1754618610555 0.09103562719111125 17
1754618610575 0.11186811674984246 18
1754618610761 0.05330684443591114 19
1754618610886 0.07415783711373738 20
1754618611050 0.08681387869228292 21
1754618611191 0.13225078392940262 22
1754618611232 0.09616493996040862 23
1754618611391 0.11915403603302384 24
1754618611413 0.09112082873103607 25
1754618611471 0.1981901381198119 26
1754618611590 0.13272219146994182 27
1754618611679 0.17234655562315648 28
1754618611730 0.11817442304798025 29
1754618611795 0.11970067862399106 30
1754618611819 0.14419085637788917 31
1754618611861 0.16765586078007466 32
1754618611953 0.13003956073232564 33
1754618612099 0.10537909185059871 34
1754618612114 0.06213949472299074 35
1754618612263 0.08057660025497757 36
1754618612369 0.17142306472974322 37
1754618612446 0.08347718218082072 38
1754618612539 0.10507841978457559 39
1754618612570 0.08092558139464448 40
1754618612603 0.06860458928893572 41
1754618612629 0.07328256363379193 42
1754618612775 0.1591196248662607 43
1754618612924 0.1215795367734069 44
1754618612977 0.061637204526836166 45
1754618613046 0.14677513746113197 46
1754618613064 0.07487048991219591 47
1754618613121 0.17959424063394902 48
1754618613217 0.09941965573074682 49
1754618613235 0.07223828730611608 50
1754618613253 0.10441339189226913 51
1754618613373 0.09816397016191587 52
1754618613396 0.11041040100837592 53
1754618613521 0.09552952427601831 54
1754618613542 0.09354348531372506 55
1754618613656 0.14312161485343572 56
1754618613698 0.09585852643483542 57
1754618613710 0.2111655935750676 58
1754618613868 0.11010856125747548 59
1754618614041 0.07995053106405496 60
1754618614222 0.08312826922723016 61
1754618614262 0.15548817775273704 62
1754618614332 0.045002339999339294 63
1754618614474 0.11587757758191586 64
1754618614493 0.20502476973182288 65
1754618614630 0.1143820580273017 66
1754618614721 0.17245870591252768 67
1754618614875 0.16638372866698498 68
1754618614915 0.09714394485894004 69
1754618615023 0.15518750854713925 70
1754618615127 0.12197912689404529 71
1754618615276 0.07529727336733902 72
1754618615449 0.1358739318141339 73
1754618615465 0.15448492899167884 74
1754618615567 0.0969733300842904 75
1754618615643 0.12225359211807377 76
1754618615747 0.09020050131579041 77
1754618615794 0.0850138270345088 78
1754618615818 0.163655896874565 79
