1754618609061 -0.20546436375490357 0
1754618609208 -1.948096429825443 1
1754618609279 -1.1120496925976904 2
1754618609291 -0.13948679963289728 3
1754618609315 -0.12325395064232789 4
1754618609355 -0.5503509239382827 5
1754618609422 -0.6637670212909363 6
1754618609591 -1.9314740562875214 7
1754618609768 -1.946396759954338 8
1754618609832 -0.6072768914851866 9
1754618609869 -0.39233586363518974 10
1754618610038 -1.9378711810651552 11
1754618610092 -0.5215077518731499 12
1754618610223 -1.9441767148027358 13
1754618610247 -0.34899189871210007 14
1754618610387 -1.9371647937428536 15
1754618610537 -1.936281792204369 16
1754618610555 -0.18969939651740003 17
1754618610575 -0.18140192880726008 18
1754618610761 -1.929680727771381 19
1754618610886 -1.6861229165839953 20
1754618611050 -1.9371994391108205 21
1754618611191 -1.941346646110832 22
1754618611232 -0.533198218135707 23
1754618611391 -1.9382040566447343 24
1754618611413 -0.2182081301131903 25
1754618611471 -0.9040513477823928 26
1754618611590 -1.4878401062875684 27
1754618611679 -1.1840380260856957 28
1754618611730 -0.5567302926125454 29
1754618611795 -0.8026542601689856 30
1754618611819 -0.1950268083728719 31
1754618611861 -0.5006282740999984 32
1754618611953 -1.2280121532424388 33
1754618612099 -1.9321000669335326 34
1754618612114 -0.20110896228099606 35
1754618612263 -1.9326329095514332 36
1754618612369 -1.306801873266713 37
1754618612446 -1.049404710502049 38
1754618612539 -1.0139468736642316 39
1754618612570 -0.19722928922297983 40
1754618612603 -0.2282894311658647 41
1754618612629 -0.1632180540099145 42
1754618612775 -1.9396803146780113 43
1754618612924 -1.9431635798643412 44
1754618612977 -0.6586763382774339 45
1754618613046 -0.9271404121992423 46
1754618613064 -0.19572973948951622 47
1754618613121 -0.8063989152338323 48
1754618613217 -1.4846174450362533 49
1754618613235 -0.16671584582584445 50
1754618613253 -0.2998492011420392 51
1754618613373 -1.6307527651264553 52
1754618613396 -0.31901556481919524 53
1754618613521 -1.478347828577766 54
1754618613542 -0.24227443825495157 55
1754618613656 -1.841788552976095 56
1754618613698 -0.4408373924418569 57
1754618613710 -0.13012322383963892 58
1754618613868 -1.9426627361445914 59
1754618614041 -1.9291928107691194 60
1754618614222 -1.9420871181343982 61
1754618614262 -0.41753459265177706 62
1754618614332 -0.8654056937422736 63
1754618614474 -1.9422618293887812 64
1754618614493 -0.2400268618051303 65
1754618614630 -1.9432229025890344 66
1754618614721 -1.2667569808986638 67
1754618614875 -1.945419484277179 68
1754618614915 -0.5064202243790601 69
1754618615023 -1.3586786858637518 70
1754618615127 -1.5411824051252907 71
1754618615276 -1.943449854761348 72
1754618615449 -1.941800058722144 73
1754618615465 -0.11657104812451077 74
1754618615567 -1.2491739140284361 75
1754618615643 -1.0929410672755886 76
1754618615747 -1.336641222100696 77
1754618615794 -0.5446943632562556 78
1754618615818 -0.33614122000654445 79
