1754618609061 25.0 0
1754618609208 200.0 1
1754618609279 115.0 2
1754618609291 14.0 3
1754618609315 15.0 4
1754618609355 58.0 5
1754618609422 72.0 6
1754618609591 200.0 7
1754618609768 200.0 8
1754618609832 65.0 9
1754618609869 44.0 10
1754618610038 200.0 11
1754618610092 58.0 12
1754618610223 200.0 13
1754618610247 36.0 14
1754618610387 200.0 15
1754618610537 200.0 16
1754618610555 19.0 17
1754618610575 21.0 18
1754618610761 200.0 19
1754618610886 175.0 20
1754618611050 200.0 21
1754618611191 200.0 22
1754618611232 57.0 23
1754618611391 200.0 24
1754618611413 25.0 25
1754618611471 95.0 26
1754618611590 155.0 27
1754618611679 124.0 28
1754618611730 60.0 29
1754618611795 86.0 30
1754618611819 21.0 31
1754618611861 53.0 32
1754618611953 129.0 33
1754618612099 200.0 34
1754618612114 20.0 35
1754618612263 200.0 36
1754618612369 137.0 37
1754618612446 110.0 38
1754618612539 107.0 39
1754618612570 21.0 40
1754618612603 26.0 41
1754618612629 20.0 42
1754618612775 200.0 43
1754618612924 200.0 44
1754618612977 71.0 45
1754618613046 98.0 46
1754618613064 21.0 47
1754618613121 85.0 48
1754618613217 154.0 49
1754618613235 18.0 50
1754618613253 30.0 51
1754618613373 168.0 52
1754618613396 33.0 53
1754618613521 153.0 54
1754618613542 26.0 55
1754618613656 189.0 56
1754618613698 48.0 57
1754618613710 13.0 58
1754618613868 200.0 59
1754618614041 200.0 60
1754618614222 200.0 61
1754618614262 46.0 62
1754618614332 90.0 63
1754618614474 200.0 64
1754618614493 25.0 65
1754618614630 200.0 66
1754618614721 131.0 67
1754618614875 200.0 68
1754618614915 55.0 69
1754618615023 141.0 70
1754618615127 159.0 71
1754618615276 200.0 72
1754618615449 200.0 73
1754618615465 13.0 74
1754618615567 131.0 75
1754618615643 113.0 76
1754618615747 139.0 77
1754618615794 59.0 78
1754618615818 35.0 79
