1754618609061 0.6299941039215744 0
1754618609208 0.6692879506659071 1
1754618609279 0.7012626852904438 2
1754618609291 0.7082432911540837 3
1754618609315 0.6780448422364479 4
1754618609355 0.6903833621614194 5
1754618609422 0.6401360644589653 6
1754618609591 0.7561146363840218 7
1754618609768 0.6992923845856265 8
1754618609832 0.6536267187564182 9
1754618609869 0.6685333121857374 10
1754618610038 0.7157714379411217 11
1754618610092 0.7030877214663164 12
1754618610223 0.7277720733843116 13
1754618610247 0.663987157091712 14
1754618610387 0.8085878715927455 15
1754618610537 0.7799779774927056 16
1754618610555 0.6812597183436129 17
1754618610575 0.6811067111487589 18
1754618610761 0.7114726110678686 19
1754618610886 0.7192638197571886 20
1754618611050 0.6506367860303224 21
1754618611191 0.7374569894949822 22
1754618611232 0.7479657357904101 23
1754618611391 0.6804038699705574 24
1754618611413 0.695957015047765 25
1754618611471 0.7218207072697235 26
1754618611590 0.6713281888124276 27
1754618611679 0.7252967951636291 28
1754618611730 0.767741415643475 29
1754618611795 0.7850356274172995 30
1754618611819 0.6430215964996634 31
1754618611861 0.7078161039782918 32
1754618611953 0.6731807572887251 33
1754618612099 0.6996728358318796 34
1754618612114 0.6604183561449536 35
1754618612263 0.6947982328152882 36
1754618612369 0.6775044013453095 37
1754618612446 0.732163431182588 38
1754618612539 0.6777981728502465 39
1754618612570 0.712711801703404 40
1754618612603 0.7118597178222646 41
1754618612629 0.6783249827588737 42
1754618612775 0.7141030938611587 43
1754618612924 0.7157960576193041 44
1754618612977 0.7151232160281481 45
1754618613046 0.6661833289320432 46
1754618613064 0.7086189786107372 47
1754618613121 0.7262762444912425 48
1754618613217 0.6880215983431187 49
1754618613235 0.6713754028043979 50
1754618613253 0.6900670384556921 51
1754618613373 0.7380366009947291 52
1754618613396 0.719921126372332 53
1754618613521 0.6655196636067178 54
1754618613542 0.7388742475179744 55
1754618613656 0.7019339524978314 56
1754618613698 0.6562943710526457 57
1754618613710 0.7081586189521522 58
1754618613868 0.6880600067629558 59
1754618614041 0.6310725785810538 60
1754618614222 0.7037028885499559 61
1754618614262 0.6934485168692177 62
1754618614332 0.687095309920027 63
1754618614474 0.6907309153990463 64
1754618614493 0.7102355502225886 65
1754618614630 0.6890665845494988 66
1754618614721 0.6909627384832069 67
1754618614875 0.7031431024468182 68
1754618614915 0.716293998561674 69
1754618615023 0.7667660435679731 70
1754618615127 0.652422635303381 71
1754618615276 0.6907697141685837 72
1754618615449 0.6777939190066075 73
1754618615465 0.749433810564175 74
1754618615567 0.6220104070707947 75
1754618615643 0.6243877546292055 76
1754618615747 0.6998864132962173 77
1754618615794 0.7330858960840566 78
1754618615818 0.6581083909623653 79
