1754623795784 0.11001440619171206 0
1754623795820 0.10646603136036754 1
1754623795860 0.11190758423894412 2
1754623796015 0.11216199705320735 3
1754623796114 0.10535709167527316 4
1754623796146 0.12549752396255046 5
1754623796196 0.10991239762951206 6
1754623796257 0.10975580276677088 7
1754623796316 0.12376096889636615 8
1754623796342 0.10872169619141651 9
1754623796371 0.12462763157814236 10
1754623796399 0.12029732238818398 11
1754623796481 0.10500676409466594 12
1754623796524 0.13504408319961078 13
1754623796628 0.11222057142903548 14
1754623796663 0.1204452312472459 15
1754623796695 0.10995387984059424 16
1754623796774 0.09921625004313622 17
1754623796785 0.11270611968353628 18
1754623796816 0.11291757740633135 19
1754623796921 0.11701061406463227 20
1754623797060 0.10841540391659199 21
1754623797083 0.12345983120915985 22
1754623797115 0.11216610848893323 23
1754623797126 0.10839430273186239 24
1754623797151 0.13062362085176635 25
1754623797241 0.10946035632964213 26
1754623797287 0.12906396470947504 27
1754623797412 0.09635106897271246 28
1754623797494 0.12550929644938078 29
1754623797522 0.11050853882113276 30
1754623797535 0.10442411278068317 31
1754623797557 0.10547274417031918 32
1754623797589 0.11405936564235337 33
1754623797775 0.09831079494835984 34
1754623797913 0.09918050823040006 35
1754623797988 0.11007998636948764 36
1754623798056 0.10665377923430644 37
1754623798080 0.12168811469085865 38
1754623798121 0.10428902356407121 39
1754623798155 0.11893294713507405 40
1754623798269 0.11226238186457374 41
1754623798445 0.10261001318127136 42
1754623798488 0.10538698587376125 43
1754623798552 0.10968741154381252 44
1754623798621 0.11329970731848651 45
1754623798722 0.12803625582320785 46
1754623798770 0.09985876775242244 47
1754623798925 0.10536754895331824 48
1754623798949 0.13449686069062178 49
1754623798988 0.12951119475874623 50
1754623799066 0.09366934578443728 51
1754623799113 0.10525386411986107 52
1754623799132 0.10633582687514109 53
1754623799174 0.10634896063888007 54
1754623799254 0.11926930897428659 55
1754623799589 0.11486916148174417 56
1754623799712 0.11780389974862884 57
1754623799745 0.10787891992475696 58
1754623799903 0.09951586255332082 59
1754623799926 0.12462532427260667 60
1754623799969 0.11573770935700638 61
1754623800031 0.10647219552626648 62
1754623800060 0.1225124671981281 63
1754623800102 0.10765068008097549 64
1754623800252 0.09645801670348285 65
1754623800295 0.11543091548635767 66
1754623800361 0.10537563420983612 67
1754623800373 0.10936394549487202 68
1754623800435 0.10773205059839075 69
1754623800723 0.10969903330746425 70
1754623800939 0.11300276642955062 71
1754623800968 0.10713733596074393 72
1754623801066 0.11154368673441058 73
1754623801097 0.10627922332857234 74
1754623801138 0.11237743442857781 75
1754623801249 0.10019979455624964 76
1754623801297 0.12114861113283448 77
1754623801395 0.11308874128601147 78
1754623801425 0.11634696542962342 79
1754623801545 0.11658852337106088 80
1754623801657 0.1248760763438691 81
1754623801723 0.11975709168557724 82
1754623801790 0.11751682145433755 83
1754623801832 0.12149993038617994 84
1754623802083 0.09389978743800335 85
1754623802102 0.10618855951281021 86
1754623802183 0.11233733753471853 87
1754623802260 0.10839958885047647 88
1754623802492 0.10891515112975989 89
1754623802662 0.12862322222698788 90
1754623802716 0.11309218635636673 91
1754623802865 0.11104551240164191 92
1754623802884 0.12404639468183813 93
1754623802932 0.11529615023443537 94
1754623803012 0.11563427644983956 95
1754623803032 0.1061914003208267 96
1754623803159 0.11382116355554865 97
1754623803204 0.11666215345123702 98
1754623803247 0.11374026546091268 99
