1754623795784 0.05489125207462907 0
1754623795820 0.08724623423831886 1
1754623795860 0.08367430042233191 2
1754623796015 0.0535364795114945 3
1754623796114 0.07672498348129139 4
1754623796146 0.09664375085067645 5
1754623796196 0.07022665671990172 6
1754623796257 0.08765915744035038 7
1754623796316 0.08807147033252886 8
1754623796342 0.08503273998473257 9
1754623796371 0.10987186338395989 10
1754623796399 0.096950980941323 11
1754623796481 0.06594524499746131 12
1754623796524 0.08642955682098412 13
1754623796628 0.06658021274974898 14
1754623796663 0.10343191483159642 15
1754623796695 0.0797512961558419 16
1754623796774 0.06373361012947132 17
1754623796785 0.1109962934352533 18
1754623796816 0.08153215510752936 19
1754623796921 0.058413218938225764 20
1754623797060 0.06327953746632223 21
1754623797083 0.09860819519267557 22
1754623797115 0.10639889742871544 23
1754623797126 0.10102939999299809 24
1754623797151 0.09559800960102179 25
1754623797241 0.06652793554687607 26
1754623797287 0.08536150064558065 27
1754623797412 0.055659301073720656 28
1754623797494 0.0523692851109341 29
1754623797522 0.09156437331882697 30
1754623797535 0.11641496603615342 31
1754623797557 0.11798126365642866 32
1754623797589 0.09753688991524541 33
1754623797775 0.061144081537930065 34
1754623797913 0.05987734768374246 35
1754623797988 0.07171016333763038 36
1754623798056 0.07696386820191162 37
1754623798080 0.08790321254059959 38
1754623798121 0.07100188162104844 39
1754623798155 0.11300821157063927 40
1754623798269 0.055349737728888015 41
1754623798445 0.06777540147590509 42
1754623798488 0.09594336883626567 43
1754623798552 0.1100196097909499 44
1754623798621 0.07722682117125504 45
1754623798722 0.054202246418081676 46
1754623798770 0.0872070744393163 47
1754623798925 0.06130768026945753 48
1754623798949 0.09790575829802098 49
1754623798988 0.08347406036984521 50
1754623799066 0.07936953232402066 51
1754623799113 0.07760992406489592 52
1754623799132 0.11473793805741087 53
1754623799174 0.07710374789352765 54
1754623799254 0.0673956700901636 55
1754623799589 0.07440419189585047 56
1754623799712 0.09203183006147647 57
1754623799745 0.10648936072252177 58
1754623799903 0.04689349907061481 59
1754623799926 0.10432177927577979 60
1754623799969 0.0863368816895442 61
1754623800031 0.08085579876835847 62
1754623800060 0.09376279990251 63
1754623800102 0.07711291125290103 64
1754623800252 0.05636533405345194 65
1754623800295 0.09302120265821015 66
1754623800361 0.0683697293462687 67
1754623800373 0.09745457791715186 68
1754623800435 0.07116086612915651 69
1754623800723 0.04998282942442077 70
1754623800939 0.057030106860736285 71
1754623800968 0.08892685025577611 72
1754623801066 0.07591171055711057 73
1754623801097 0.09793251109764092 74
1754623801138 0.08466552074089903 75
1754623801249 0.06408861415248207 76
1754623801297 0.0992944501330731 77
1754623801395 0.061845266832931886 78
1754623801425 0.09707469393131361 79
1754623801545 0.09613851204982256 80
1754623801657 0.07634061726561181 81
1754623801723 0.07383910493412484 82
1754623801790 0.1068763978499155 83
1754623801832 0.08892082525366285 84
1754623802083 0.04905130813123755 85
1754623802102 0.10373047688744741 86
1754623802183 0.060896335023194345 87
1754623802260 0.058208289318981275 88
1754623802492 0.07490306575254532 89
1754623802662 0.09194971184766718 90
1754623802716 0.09293521909313998 91
1754623802865 0.05707440725599879 92
1754623802884 0.10630653066533602 93
1754623802932 0.07974970783441274 94
1754623803012 0.08972691052732443 95
1754623803032 0.11750505229807288 96
1754623803159 0.09286862369522983 97
1754623803204 0.11038807883259279 98
1754623803247 0.0821159597191973 99
