1754623795784 0.10154486335596555 0
1754623795820 0.0917853427554581 1
1754623795860 0.07518320091730964 2
1754623796015 0.08167004053700726 3
1754623796114 0.11408830483797558 4
1754623796146 0.06469713050975692 5
1754623796196 0.1496794480879519 6
1754623796257 0.07999236409516453 7
1754623796316 0.08163371718687244 8
1754623796342 0.15026423095740443 9
1754623796371 0.0685689403343556 10
1754623796399 0.12413278942542885 11
1754623796481 0.0809671974024349 12
1754623796524 0.18262829858881915 13
1754623796628 0.14536918999086215 14
1754623796663 0.09246682850710553 15
1754623796695 0.11146931616035882 16
1754623796774 0.06077346707633833 17
1754623796785 0.07766225715828216 18
1754623796816 0.09520474558896463 19
1754623796921 0.12958893368967334 20
1754623797060 0.10943634519406391 21
1754623797083 0.11737406337221952 22
1754623797115 0.09237812471451293 23
1754623797126 0.20047312154099667 24
1754623797151 0.13713445766840843 25
1754623797241 0.17645010462289115 26
1754623797287 0.11981419272516156 27
1754623797412 0.12016049660145249 28
1754623797494 0.14566869874720342 29
1754623797522 0.17115432056369356 30
1754623797535 0.13176071156828417 31
1754623797557 0.08739547647661539 32
1754623797589 0.06012327498907499 33
1754623797775 0.0761686099255197 34
1754623797913 0.1599813229921228 35
1754623797988 0.07870778924915331 36
1754623798056 0.10725253923724587 37
1754623798080 0.0801597757425407 38
1754623798121 0.06985960001753337 39
1754623798155 0.07254161871197766 40
1754623798269 0.17273356965623526 41
1754623798445 0.11242249698308875 42
1754623798488 0.05682820734191729 43
1754623798552 0.14587619795103207 44
1754623798621 0.07631448182938953 45
1754623798722 0.17732666069483488 46
1754623798770 0.09579695231265273 47
1754623798925 0.06496888047916496 48
1754623798949 0.10305461113299988 49
1754623798988 0.10069212098974098 50
1754623799066 0.11944664074851925 51
1754623799113 0.09360570295515842 52
1754623799132 0.09355355541247742 53
1754623799174 0.12556446515345315 54
1754623799254 0.08563023411966952 55
1754623799589 0.2126669079730327 56
1754623799712 0.10619683391825081 57
1754623799745 0.07562525280376864 58
1754623799903 0.08422000993947769 59
1754623799926 0.156220804021533 60
1754623799969 0.04457037366050631 61
1754623800031 0.11237573692183993 62
1754623800060 0.20751968548283434 63
1754623800102 0.1163915319564687 64
1754623800252 0.168237275233618 65
1754623800295 0.16602773417196345 66
1754623800361 0.1048147825137038 67
1754623800373 0.15503376154761703 68
1754623800435 0.11996497396524183 69
1754623800723 0.0648556019709062 70
1754623800939 0.13594118238561262 71
1754623800968 0.15562748351727862 72
1754623801066 0.10183035879121824 73
1754623801097 0.11830251819896524 74
1754623801138 0.08617615577635629 75
1754623801249 0.08468886033555342 76
1754623801297 0.16397671698215993 77
1754623801395 0.10215853492310849 78
1754623801425 0.14297933844318358 79
1754623801545 0.06407169844600631 80
1754623801657 0.10442729469718834 81
1754623801723 0.1685261479040406 82
1754623801790 0.1279379286439804 83
1754623801832 0.11760335347672068 84
1754623802083 0.07850689024003561 85
1754623802102 0.1511424001562302 86
1754623802183 0.11363871896568423 87
1754623802260 0.1298848051610504 88
1754623802492 0.16435555094229634 89
1754623802662 0.09822063476074945 90
1754623802716 0.023270558075534707 91
1754623802865 0.08569845671182766 92
1754623802884 0.11666246749227938 93
1754623802932 0.09835784981804015 94
1754623803012 0.1345959128728184 95
1754623803032 0.17999808561507766 96
1754623803159 0.1490458281255659 97
1754623803204 0.11325452002488419 98
1754623803247 0.148603283505774 99
