1754623795784 -0.8339128143886313 0
1754623795820 -0.17214186450440438 1
1754623795860 -0.15392216966363362 2
1754623796015 -0.7980622962582333 3
1754623796114 -0.49417143418200105 4
1754623796146 -0.14286937201935523 5
1754623796196 -0.2090050009151235 6
1754623796257 -0.3693936149983741 7
1754623796316 -0.325618440344165 8
1754623796342 -0.09954360130126655 9
1754623796371 -0.182215762006125 10
1754623796399 -0.09181461166608937 11
1754623796481 -0.43033795049927903 12
1754623796524 -0.24638107027801592 13
1754623796628 -0.4333296425040656 14
1754623796663 -0.15974560706965285 15
1754623796695 -0.12040862615749463 16
1754623796774 -0.38132480953909315 17
1754623796785 -0.0700329707455995 18
1754623796816 -0.1395506388005202 19
1754623796921 -0.5013499378744274 20
1754623797060 -0.6741778428460887 21
1754623797083 -0.1490329331642701 22
1754623797115 -0.15697039075426336 23
1754623797126 -0.058663538351367873 24
1754623797151 -0.13084381214295332 25
1754623797241 -0.5045391526079827 26
1754623797287 -0.26506224415564583 27
1754623797412 -0.4894625430988025 28
1754623797494 -0.30371174031113085 29
1754623797522 -0.13227535562285553 30
1754623797535 -0.07047156025812348 31
1754623797557 -0.12911816187525266 32
1754623797589 -0.1560766008041892 33
1754623797775 -0.879074835147587 34
1754623797913 -0.6137942744987118 35
1754623797988 -0.28537712580794694 36
1754623798056 -0.3501809049828781 37
1754623798080 -0.11724178824115478 38
1754623798121 -0.1653340035655277 39
1754623798155 -0.18532537429808318 40
1754623798269 -0.5780763975280429 41
1754623798445 -0.5027121847844604 42
1754623798488 -0.07496811685888448 43
1754623798552 -0.23153038789929198 44
1754623798621 -0.19892838046400166 45
1754623798722 -0.3297635598830119 46
1754623798770 -0.245613582336591 47
1754623798925 -0.754449249972718 48
1754623798949 -0.1372486339121019 49
1754623798988 -0.18350338458102813 50
1754623799066 -0.4171265987038679 51
1754623799113 -0.26255967498360594 52
1754623799132 -0.09658753816050737 53
1754623799174 -0.19184897745002158 54
1754623799254 -0.42471984994396744 55
1754623799589 -0.4014409258872922 56
1754623799712 -0.35644885590471603 57
1754623799745 -0.17897847761801497 58
1754623799903 -0.7963357314074292 59
1754623799926 -0.15136773527989317 60
1754623799969 -0.2339821098166772 61
1754623800031 -0.22724251191163733 62
1754623800060 -0.1738492806793696 63
1754623800102 -0.17496227216755478 64
1754623800252 -0.6034413936844547 65
1754623800295 -0.15297639773255195 66
1754623800361 -0.31082448140689517 67
1754623800373 -0.060161961748990654 68
1754623800435 -0.29212692384003486 69
1754623800723 -1.4123342345637273 70
1754623800939 -0.5864425862482341 71
1754623800968 -0.1499156749564401 72
1754623801066 -0.467133992193175 73
1754623801097 -0.1631020845973527 74
1754623801138 -0.15335589826182913 75
1754623801249 -0.5037669505112029 76
1754623801297 -0.19618411464639426 77
1754623801395 -0.4536194971492038 78
1754623801425 -0.13516823654076449 79
1754623801545 -0.29619899526130805 80
1754623801657 -0.2669601366046854 81
1754623801723 -0.25047201164605487 82
1754623801790 -0.16360625697014095 83
1754623801832 -0.17522119034690736 84
1754623802083 -0.7354063904813269 85
1754623802102 -0.046856743218195364 86
1754623802183 -0.34215463357614934 87
1754623802260 -0.20151677818681982 88
1754623802492 -0.1376197521260921 89
1754623802662 -0.15032861389492255 90
1754623802716 -0.19068515100569047 91
1754623802865 -0.5452374193108681 92
1754623802884 -0.05999750474468783 93
1754623802932 -0.16732160571690136 94
1754623803012 -0.3449353281212704 95
1754623803032 -0.07857336020162173 96
1754623803159 -0.3295021406871584 97
1754623803204 -0.0777695714557053 98
1754623803247 -0.18042817808087142 99
