1754623795784 87.0 0
1754623795820 19.0 1
1754623795860 17.0 2
1754623796015 85.0 3
1754623796114 54.0 4
1754623796146 17.0 5
1754623796196 24.0 6
1754623796257 39.0 7
1754623796316 35.0 8
1754623796342 12.0 9
1754623796371 19.0 10
1754623796399 11.0 11
1754623796481 46.0 12
1754623796524 27.0 13
1754623796628 49.0 14
1754623796663 17.0 15
1754623796695 14.0 16
1754623796774 43.0 17
1754623796785 7.0 18
1754623796816 16.0 19
1754623796921 55.0 20
1754623797060 72.0 21
1754623797083 16.0 22
1754623797115 17.0 23
1754623797126 6.0 24
1754623797151 15.0 25
1754623797241 55.0 26
1754623797287 28.0 27
1754623797412 55.0 28
1754623797494 34.0 29
1754623797522 14.0 30
1754623797535 7.0 31
1754623797557 13.0 32
1754623797589 17.0 33
1754623797775 94.0 34
1754623797913 68.0 35
1754623797988 32.0 36
1754623798056 38.0 37
1754623798080 13.0 38
1754623798121 19.0 39
1754623798155 20.0 40
1754623798269 62.0 41
1754623798445 55.0 42
1754623798488 8.0 43
1754623798552 24.0 44
1754623798621 23.0 45
1754623798722 37.0 46
1754623798770 27.0 47
1754623798925 81.0 48
1754623798949 15.0 49
1754623798988 20.0 50
1754623799066 45.0 51
1754623799113 29.0 52
1754623799132 10.0 53
1754623799174 22.0 54
1754623799254 46.0 55
1754623799589 44.0 56
1754623799712 38.0 57
1754623799745 19.0 58
1754623799903 84.0 59
1754623799926 15.0 60
1754623799969 26.0 61
1754623800031 25.0 62
1754623800060 18.0 63
1754623800102 20.0 64
1754623800252 65.0 65
1754623800295 16.0 66
1754623800361 34.0 67
1754623800373 6.0 68
1754623800435 32.0 69
1754623800723 148.0 70
1754623800939 63.0 71
1754623800968 16.0 72
1754623801066 51.0 73
1754623801097 17.0 74
1754623801138 17.0 75
1754623801249 55.0 76
1754623801297 20.0 77
1754623801395 49.0 78
1754623801425 15.0 79
1754623801545 33.0 80
1754623801657 29.0 81
1754623801723 28.0 82
1754623801790 17.0 83
1754623801832 20.0 84
1754623802083 80.0 85
1754623802102 6.0 86
1754623802183 37.0 87
1754623802260 24.0 88
1754623802492 16.0 89
1754623802662 17.0 90
1754623802716 21.0 91
1754623802865 59.0 92
1754623802884 6.0 93
1754623802932 20.0 94
1754623803012 36.0 95
1754623803032 9.0 96
1754623803159 36.0 97
1754623803204 9.0 98
1754623803247 20.0 99
