1754623795784 0.700403760774416 0
1754623795820 0.7075028914277423 1
1754623795860 0.6773925147316382 2
1754623796015 0.6922664535496935 3
1754623796114 0.6428194834381251 4
1754623796146 0.7570017456141278 5
1754623796196 0.6919167835917764 6
1754623796257 0.6559910655951086 7
1754623796316 0.671119527603248 8
1754623796342 0.7134635052480527 9
1754623796371 0.7032063200097814 10
1754623796399 0.7274889947859021 11
1754623796481 0.6658503204134931 12
1754623796524 0.8048031776849036 13
1754623796628 0.7830817654237763 14
1754623796663 0.6834199882154006 15
1754623796695 0.6809729435648683 16
1754623796774 0.711860291669673 17
1754623796785 0.7159856133938407 18
1754623796816 0.6480499834956909 19
1754623796921 0.7359562479330175 20
1754623797060 0.7594486852742648 21
1754623797083 0.6772505169334957 22
1754623797115 0.698145792089126 23
1754623797126 0.7209803663573467 24
1754623797151 0.668217168151427 25
1754623797241 0.725760082672657 26
1754623797287 0.7693344154225623 27
1754623797412 0.7884493649122184 28
1754623797494 0.6422966763431127 29
1754623797522 0.7057695764451688 30
1754623797535 0.6711186518330561 31
1754623797557 0.6910984885454413 32
1754623797589 0.6589039806978747 33
1754623797775 0.6946422557614855 34
1754623797913 0.6795413097625052 35
1754623797988 0.7258772829130156 36
1754623798056 0.6782635453435395 37
1754623798080 0.7126579280896954 38
1754623798121 0.7108602109997039 39
1754623798155 0.6778663774102766 40
1754623798269 0.7126492949600497 41
1754623798445 0.7147859158274644 42
1754623798488 0.713637967722675 43
1754623798552 0.6640452757116316 44
1754623798621 0.7090224638876832 45
1754623798722 0.7278601116901993 46
1754623798770 0.6881582099576236 47
1754623798925 0.6849205703381882 48
1754623798949 0.689995252601157 49
1754623798988 0.7356245108454721 50
1754623799066 0.7236718264079995 51
1754623799113 0.666631755698281 52
1754623799132 0.7386869427246258 53
1754623799174 0.6995281274170562 54
1754623799254 0.6551710499674208 55
1754623799589 0.7070796044119741 56
1754623799712 0.686050188968511 57
1754623799745 0.6271396868803732 58
1754623799903 0.7032619148540756 59
1754623799926 0.6926952488308719 60
1754623799969 0.6876344374425463 61
1754623800031 0.6868496327901455 62
1754623800060 0.7128839144004119 63
1754623800102 0.6905660588698899 64
1754623800252 0.6933274094566076 65
1754623800295 0.6996673610444125 66
1754623800361 0.7166978698179836 67
1754623800373 0.7624973503632901 68
1754623800435 0.6525122564706856 69
1754623800723 0.696910954166036 70
1754623800939 0.6775788628452164 71
1754623800968 0.7495508354642163 72
1754623801066 0.6225621001416126 73
1754623801097 0.6235230775722289 74
1754623801138 0.7008081798381026 75
1754623801249 0.7370230805407487 76
1754623801297 0.6578389099219824 77
1754623801395 0.707982548559789 78
1754623801425 0.7018659233563453 79
1754623801545 0.6447520276330423 80
1754623801657 0.7084855498121314 81
1754623801723 0.668020608753124 82
1754623801790 0.6906768617553176 83
1754623801832 0.6887835016941182 84
1754623802083 0.7219881373934773 85
1754623802102 0.7337303362366642 86
1754623802183 0.6896336841519259 87
1754623802260 0.6910766141179896 88
1754623802492 0.7447412288830522 89
1754623802662 0.6805436872291734 90
1754623802716 0.6504194866197978 91
1754623802865 0.746487098728858 92
1754623802884 0.6733110502231658 93
1754623802932 0.6721444975917976 94
1754623803012 0.6552397595941951 95
1754623803032 0.7697422513327554 96
1754623803159 0.7152380700307747 97
1754623803204 0.6491282936701509 98
1754623803247 0.6638394873792337 99
