1754624038009 0.10429697968647833 0
1754624038053 0.10459021358320864 1
1754624038094 0.10938357151002283 2
1754624038155 0.11768899969995292 3
1754624038203 0.10590430746615673 4
1754624038233 0.12521564811394534 5
1754624038429 0.10585589301888314 6
1754624038487 0.10934643829755357 7
1754624038520 0.12526272362968832 8
1754624038544 0.10843209634702382 9
1754624038572 0.1254197059843764 10
1754624038595 0.1219457073081101 11
1754624038702 0.10456590111695477 12
1754624038739 0.13558077224829698 13
1754624038824 0.11152713182950838 14
1754624038861 0.1184599668671664 15
1754624038889 0.11126200523758403 16
1754624038969 0.09992750100860995 17
1754624039009 0.10935056902526086 18
1754624039120 0.10439260385081248 19
1754624039220 0.11711811860002799 20
1754624039362 0.1109085278584823 21
1754624039385 0.12431698128651014 22
1754624039443 0.10938981069456766 23
1754624039473 0.10791656980445005 24
1754624039500 0.12951409441883588 25
1754624039569 0.11224635730916159 26
1754624039616 0.13038407627366783 27
1754624039644 0.09732050478952683 28
1754624039709 0.12366002800166058 29
1754624039730 0.10949205704317888 30
1754624039743 0.10442411278068317 31
1754624039764 0.10547274417031918 32
1754624039793 0.11437498747864216 33
1754624039843 0.10361083610197877 34
1754624039996 0.09844673970930415 35
1754624040060 0.11132501215046738 36
1754624040163 0.1064532695621148 37
1754624040234 0.12106788991448199 38
1754624040272 0.10553219735617896 39
1754624040333 0.11903403476530143 40
1754624040395 0.11394917553578257 41
1754624040447 0.10583787156977054 42
1754624040488 0.10537250604433676 43
1754624040523 0.11023870647469966 44
1754624040589 0.11203912351070788 45
1754624040651 0.1308021563181712 46
1754624040706 0.10047073837863991 47
1754624040867 0.10384961759249825 48
1754624040892 0.13373103299951764 49
1754624040920 0.1308077964666352 50
1754624040996 0.09434666873509365 51
1754624041030 0.10563348234894317 52
1754624041049 0.10586298841678081 53
1754624041089 0.10554880384754513 54
1754624041166 0.11888323616213678 55
1754624041299 0.11071781834455825 56
1754624041554 0.10712688582218677 57
1754624041584 0.10787891992475696 58
1754624041713 0.10048408720151261 59
1754624041733 0.12462532427260667 60
1754624041781 0.11594296000539542 61
1754624041862 0.10457045201190421 62
1754624041887 0.12160554385614339 63
1754624041924 0.1068508884211288 64
1754624042058 0.09461349045091841 65
1754624042102 0.11288756717920352 66
1754624042140 0.10459988948323826 67
1754624042168 0.10908770196508573 68
1754624042229 0.10848316804834494 69
1754624042509 0.12304252679723093 70
1754624042892 0.09664246388736412 71
1754624042949 0.10444552738452313 72
1754624043037 0.11198155834783434 73
1754624043209 0.09988653347836232 74
1754624043240 0.11318088501138016 75
1754624043341 0.10154858589139806 76
1754624043435 0.11588623816723453 77
1754624043482 0.11567684145735109 78
1754624043543 0.11596852519384201 79
1754624043632 0.11378107720580707 80
1754624043691 0.12557141746624279 81
1754624043735 0.12002780475617555 82
1754624043950 0.10924306021768264 83
1754624043982 0.12178939559211524 84
1754624044188 0.09028688501205015 85
1754624044202 0.10618855951281021 86
1754624044346 0.10901604570777476 87
1754624044399 0.1106849881121011 88
1754624044423 0.10923690848191248 89
1754624044503 0.12672210314420718 90
1754624044539 0.11477661761331044 91
1754624044674 0.10972731614121171 92
1754624044685 0.12404639468183813 93
1754624044784 0.11350082800009968 94
1754624044842 0.11527964600293097 95
1754624044858 0.10564013195092445 96
1754624044917 0.11387654273240574 97
1754624044936 0.1153152771324351 98
1754624044976 0.11421282405892545 99
