1754624038009 0.04885942024042215 0
1754624038053 0.08834631493430208 1
1754624038094 0.0726265885337336 2
1754624038155 0.06557589308138433 3
1754624038203 0.09559022667540215 4
1754624038233 0.09681960547538207 5
1754624038429 0.05174777388334743 6
1754624038487 0.08780577165726175 7
1754624038520 0.09782285760227798 8
1754624038544 0.08955898331299697 9
1754624038572 0.1090028748447257 10
1754624038595 0.10182670256375911 11
1754624038702 0.06310257506445323 12
1754624038739 0.08173886491236529 13
1754624038824 0.07191740043367204 14
1754624038861 0.0992633913863061 15
1754624038889 0.07647288923160425 16
1754624038969 0.0629724896806814 17
1754624039009 0.09680378127436709 18
1754624039120 0.056449546197423664 19
1754624039220 0.05936240850933211 20
1754624039362 0.06657724629988968 21
1754624039385 0.09681937517005104 22
1754624039443 0.07912435648499122 23
1754624039473 0.08977763965671617 24
1754624039500 0.09580998658276414 25
1754624039569 0.07908863022568965 26
1754624039616 0.08105668625564491 27
1754624039644 0.08463032527209158 28
1754624039709 0.0532854665635303 29
1754624039730 0.09022168863965455 30
1754624039743 0.11641496603615342 31
1754624039764 0.11798126365642866 32
1754624039793 0.09785559578318237 33
1754624039843 0.07204253752443433 34
1754624039996 0.06052441744256189 35
1754624040060 0.07385928424734409 36
1754624040163 0.06977209398167386 37
1754624040234 0.06805227598620127 38
1754624040272 0.07247384368688503 39
1754624040333 0.09463395884504613 40
1754624040395 0.0718575087476321 41
1754624040447 0.09025004240320461 42
1754624040488 0.06891732199048825 43
1754624040523 0.11343861377287393 44
1754624040589 0.0639817424343273 45
1754624040651 0.06260443154372736 46
1754624040706 0.07673020705291184 47
1754624040867 0.055918058864882866 48
1754624040892 0.09879529246022724 49
1754624040920 0.08937432809155556 50
1754624040996 0.08074444940083482 51
1754624041030 0.08100836737860923 52
1754624041049 0.11189990179324483 53
1754624041089 0.07893870497330893 54
1754624041166 0.07364329898057453 55
1754624041299 0.06213841448647356 56
1754624041554 0.06418737320349888 57
1754624041584 0.10648936072252177 58
1754624041713 0.04551849794035608 59
1754624041733 0.10432177927577979 60
1754624041781 0.0872862805867004 61
1754624041862 0.07259804142513301 62
1754624041887 0.08970233981001709 63
1754624041924 0.07887054902318644 64
1754624042058 0.05864931533899807 65
1754624042102 0.07110344534508 66
1754624042140 0.06742030740724808 67
1754624042168 0.08401196662761534 68
1754624042229 0.0671264511607521 69
1754624042509 0.06043515029195742 70
1754624042892 0.04641023555953669 71
1754624042949 0.06863108441470053 72
1754624043037 0.07669660993940083 73
1754624043209 0.06702806427507824 74
1754624043240 0.0804845645979761 75
1754624043341 0.07112908277704433 76
1754624043435 0.06932598817847917 77
1754624043482 0.06625544233280209 78
1754624043543 0.08288976564478448 79
1754624043632 0.07600124020469765 80
1754624043691 0.07431275384663986 81
1754624043735 0.07677224320405482 82
1754624043950 0.0563001848441685 83
1754624043982 0.10284399409392245 84
1754624044188 0.04925074794503691 85
1754624044202 0.10373047688744741 86
1754624044346 0.05166802246296988 87
1754624044399 0.07269317115327198 88
1754624044423 0.08879877158670568 89
1754624044503 0.08707865521593776 90
1754624044539 0.0913378833329216 91
1754624044674 0.04814625475901879 92
1754624044685 0.10630653066533602 93
1754624044784 0.07330559040056375 94
1754624044842 0.08912493758253054 95
1754624044858 0.12095246510680013 96
1754624044917 0.08235111633909195 97
1754624044936 0.10601380888714958 98
1754624044976 0.08119761716053982 99
