1754624038009 0.11405001966403247 0
1754624038053 0.09212472007592395 1
1754624038094 0.07768271051300993 2
1754624038155 0.08775540603478885 3
1754624038203 0.11507275662929857 4
1754624038233 0.06330198605214435 5
1754624038429 0.1516171755078437 6
1754624038487 0.07962029448307088 7
1754624038520 0.07714969685933255 8
1754624038544 0.15025742252810198 9
1754624038572 0.06923856955188726 10
1754624038595 0.12479843697191235 11
1754624038702 0.08313442442212242 12
1754624038739 0.18613159056928835 13
1754624038824 0.14467192350368982 14
1754624038861 0.09110467171946794 15
1754624038889 0.11153169740373592 16
1754624038969 0.057971934918852594 17
1754624039009 0.07669570785737748 18
1754624039120 0.09691005872978735 19
1754624039220 0.13273357843248057 20
1754624039362 0.107908703076993 21
1754624039385 0.11792438955838928 22
1754624039443 0.09230843814084118 23
1754624039473 0.20468325461856943 24
1754624039500 0.13733504374704247 25
1754624039569 0.17706158156619017 26
1754624039616 0.11839843811383588 27
1754624039644 0.12721010542783748 28
1754624039709 0.1489085325244675 29
1754624039730 0.17115432056369356 30
1754624039743 0.13108981428600544 31
1754624039764 0.08686833231232124 32
1754624039793 0.05748684701914044 33
1754624039843 0.08169721952860876 34
1754624039996 0.16962083606764117 35
1754624040060 0.0766881762572977 36
1754624040163 0.1007736952651113 37
1754624040234 0.07723467244111948 38
1754624040272 0.06922648385229006 39
1754624040333 0.07272775117872073 40
1754624040395 0.17215097433856635 41
1754624040447 0.11509682303667468 42
1754624040488 0.060173793665484435 43
1754624040523 0.14846603429982058 44
1754624040589 0.07685210616351199 45
1754624040651 0.18287854932984135 46
1754624040706 0.09768364079500351 47
1754624040867 0.07320050982480578 48
1754624040892 0.10157220689413471 49
1754624040920 0.10002271268333995 50
1754624040996 0.11768876621526765 51
1754624041030 0.0957573024322718 52
1754624041049 0.09355355541247742 53
1754624041089 0.12669291155974918 54
1754624041166 0.08879923497184575 55
1754624041299 0.21965545565452108 56
1754624041554 0.12228225596315863 57
1754624041584 0.07442957646234269 58
1754624041713 0.07918572770118289 59
1754624041733 0.15211335483375094 60
1754624041781 0.044172323052344 61
1754624041862 0.11046420411673488 62
1754624041887 0.20614143558136 63
1754624041924 0.1163949353703611 64
1754624042058 0.1681122665588628 65
1754624042102 0.1667156813485679 66
1754624042140 0.09999670149746383 67
1754624042168 0.15558110575944575 68
1754624042229 0.12252332716025993 69
1754624042509 0.06708311620466638 70
1754624042892 0.14011712554023265 71
1754624042949 0.15481296360811642 72
1754624043037 0.09982380890184075 73
1754624043209 0.1343438078276719 74
1754624043240 0.08743244169520832 75
1754624043341 0.08245076511543648 76
1754624043435 0.15985003909442064 77
1754624043482 0.10239061745112146 78
1754624043543 0.14380973839011535 79
1754624043632 0.06169374211030565 80
1754624043691 0.10574476793150822 81
1754624043735 0.16401817541605918 82
1754624043950 0.13432956634089788 83
1754624043982 0.11688409394080548 84
1754624044188 0.07806419601772614 85
1754624044202 0.1511424001562302 86
1754624044346 0.11509689646601728 87
1754624044399 0.1286900499337346 88
1754624044423 0.16109169168799334 89
1754624044503 0.09816178466058148 90
1754624044539 0.021835370716085302 91
1754624044674 0.08577447322391976 92
1754624044685 0.11783409061925454 93
1754624044784 0.10066043027984665 94
1754624044842 0.13259134923740384 95
1754624044858 0.1806959158464382 96
1754624044917 0.15004197984794826 97
1754624044936 0.11270659013245474 98
1754624044976 0.1479870288194592 99
