1754624038009 -1.4181349500868496 0
1754624038053 -0.2420507717762325 1
1754624038094 -0.15310595931294904 2
1754624038155 -0.2927669594492167 3
1754624038203 -0.19260137497905863 4
1754624038233 -0.13111637832327086 5
1754624038429 -1.0168769352053526 6
1754624038487 -0.3589655934735623 7
1754624038520 -0.1756982905704453 8
1754624038544 -0.09435769046800252 9
1754624038572 -0.18201154513208315 10
1754624038595 -0.0996182751533391 11
1754624038702 -0.4187496877573606 12
1754624038739 -0.1838910812729317 13
1754624038824 -0.4407219925905778 14
1754624038861 -0.2134232235181136 15
1754624038889 -0.1170244292696359 16
1754624038969 -0.36927422406384175 17
1754624039009 -0.23421370669324995 18
1754624039120 -0.48955428448674554 19
1754624039220 -0.49558457347572893 20
1754624039362 -0.6873724188841566 21
1754624039385 -0.13697450600454628 22
1754624039443 -0.2889567407039564 23
1754624039473 -0.20647236689031295 24
1754624039500 -0.14066941112632686 25
1754624039569 -0.43141748259722756 26
1754624039616 -0.2803812579829259 27
1754624039644 -0.10800293567378556 28
1754624039709 -0.31264637148084756 29
1754624039730 -0.13076689382153883 30
1754624039743 -0.07923869674942988 31
1754624039764 -0.12886327379695925 32
1754624039793 -0.15637989344909722 33
1754624039843 -0.2325403715221555 34
1754624039996 -0.800945997745343 35
1754624040060 -0.297423570419363 36
1754624040163 -0.5272426974577997 37
1754624040234 -0.406381381841931 38
1754624040272 -0.16556182964138133 39
1754624040333 -0.2679299946359348 40
1754624040395 -0.30427445253700736 41
1754624040447 -0.1686512975427894 42
1754624040488 -0.21720198809438265 43
1754624040523 -0.22759227443579627 44
1754624040589 -0.2864827559913731 45
1754624040651 -0.2683319942987135 46
1754624040706 -0.3060119822557897 47
1754624040867 -0.8329160976888286 48
1754624040892 -0.14766606885285202 49
1754624040920 -0.10774275889780417 50
1754624040996 -0.3968300050120436 51
1754624041030 -0.15814387891766543 52
1754624041049 -0.09363102975394198 53
1754624041089 -0.2035950191322212 54
1754624041166 -0.4200642599334716 55
1754624041299 -0.6630492279884281 56
1754624041554 -1.5581401187847606 57
1754624041584 -0.1780814651882683 58
1754624041713 -0.6152538383947326 59
1754624041733 -0.13966273525253392 60
1754624041781 -0.23281057214109294 61
1754624041862 -0.42723038491615156 62
1754624041887 -0.1692725429111668 63
1754624041924 -0.1866817423061623 64
1754624042058 -0.5749987140105137 65
1754624042102 -0.2200274773148719 66
1754624042140 -0.13883205355882342 67
1754624042168 -0.17693828977215065 68
1754624042229 -0.29989990349172096 69
1754624042509 -0.5441449350514286 70
1754624042892 -1.9384709744867679 71
1754624042949 -0.24828698129340235 72
1754624043037 -0.42431069887549766 73
1754624043209 -0.9494232952203674 74
1754624043240 -0.1512259765105 75
1754624043341 -0.5085409902174695 76
1754624043435 -0.5855964899427397 77
1754624043482 -0.16851067971004133 78
1754624043543 -0.32049975844143264 79
1754624043632 -0.4343971510391997 80
1754624043691 -0.2637820154122302 81
1754624043735 -0.24361219877913906 82
1754624043950 -1.1980447721271852 83
1754624043982 -0.1792430598652275 84
1754624044188 -1.1130882489503569 85
1754624044202 -0.046856743218195364 86
1754624044346 -0.7923045159173013 87
1754624044399 -0.22498874863267546 88
1754624044423 -0.10165185526799464 89
1754624044503 -0.44374676745725405 90
1754624044539 -0.19793473046091045 91
1754624044674 -0.707191018045226 92
1754624044685 -0.05943537938354919 93
1754624044784 -0.5922389422544162 94
1754624044842 -0.33231749049373926 95
1754624044858 -0.08141506548979167 96
1754624044917 -0.29949629259269583 97
1754624044936 -0.08298132625852689 98
1754624044976 -0.17895111745991885 99
