1754624038009 146.0 0
1754624038053 26.0 1
1754624038094 18.0 2
1754624038155 33.0 3
1754624038203 22.0 4
1754624038233 16.0 5
1754624038429 107.0 6
1754624038487 38.0 7
1754624038520 19.0 8
1754624038544 11.0 9
1754624038572 19.0 10
1754624038595 11.0 11
1754624038702 45.0 12
1754624038739 21.0 13
1754624038824 49.0 14
1754624038861 23.0 15
1754624038889 14.0 16
1754624038969 42.0 17
1754624039009 25.0 18
1754624039120 54.0 19
1754624039220 54.0 20
1754624039362 73.0 21
1754624039385 15.0 22
1754624039443 33.0 23
1754624039473 22.0 24
1754624039500 16.0 25
1754624039569 46.0 26
1754624039616 30.0 27
1754624039644 13.0 28
1754624039709 35.0 29
1754624039730 14.0 30
1754624039743 8.0 31
1754624039764 13.0 32
1754624039793 17.0 33
1754624039843 28.0 34
1754624039996 86.0 35
1754624040060 33.0 36
1754624040163 57.0 37
1754624040234 44.0 38
1754624040272 19.0 39
1754624040333 30.0 40
1754624040395 33.0 41
1754624040447 19.0 42
1754624040488 25.0 43
1754624040523 23.0 44
1754624040589 33.0 45
1754624040651 30.0 46
1754624040706 34.0 47
1754624040867 89.0 48
1754624040892 16.0 49
1754624040920 12.0 50
1754624040996 43.0 51
1754624041030 18.0 52
1754624041049 10.0 53
1754624041089 23.0 54
1754624041166 45.0 55
1754624041299 72.0 56
1754624041554 161.0 57
1754624041584 19.0 58
1754624041713 66.0 59
1754624041733 14.0 60
1754624041781 26.0 61
1754624041862 46.0 62
1754624041887 18.0 63
1754624041924 21.0 64
1754624042058 62.0 65
1754624042102 25.0 66
1754624042140 17.0 67
1754624042168 19.0 68
1754624042229 33.0 69
1754624042509 60.0 70
1754624042892 200.0 71
1754624042949 28.0 72
1754624043037 47.0 73
1754624043209 98.0 74
1754624043240 17.0 75
1754624043341 55.0 76
1754624043435 62.0 77
1754624043482 20.0 78
1754624043543 35.0 79
1754624043632 49.0 80
1754624043691 29.0 81
1754624043735 27.0 82
1754624043950 126.0 83
1754624043982 19.0 84
1754624044188 118.0 85
1754624044202 6.0 86
1754624044346 83.0 87
1754624044399 25.0 88
1754624044423 11.0 89
1754624044503 47.0 90
1754624044539 22.0 91
1754624044674 76.0 92
1754624044685 6.0 93
1754624044784 63.0 94
1754624044842 35.0 95
1754624044858 9.0 96
1754624044917 34.0 97
1754624044936 10.0 98
1754624044976 20.0 99
