1754624038009 0.7064023713960248 0
1754624038053 0.7088637535121304 1
1754624038094 0.6784107679915746 2
1754624038155 0.6926438866774906 3
1754624038203 0.6437470117308396 4
1754624038233 0.7582330217061115 5
1754624038429 0.6965348301749392 6
1754624038487 0.6563796665307848 7
1754624038520 0.6685490544829468 8
1754624038544 0.7131722551949299 9
1754624038572 0.702876362953355 10
1754624038595 0.7248938766943303 11
1754624038702 0.6656795267322473 12
1754624038739 0.8043541207716036 13
1754624038824 0.780677969777601 14
1754624038861 0.6848927699278308 15
1754624038889 0.6811099241501779 16
1754624038969 0.7117489906173916 17
1754624039009 0.7171290906348518 18
1754624039120 0.6538163854697714 19
1754624039220 0.7342431242742259 20
1754624039362 0.7587879970112289 21
1754624039385 0.6777952871636799 22
1754624039443 0.6988500579088729 23
1754624039473 0.7240248440209062 24
1754624039500 0.6687038391891128 25
1754624039569 0.721748185833875 26
1754624039616 0.7690027098996837 27
1754624039644 0.7824048009487985 28
1754624039709 0.6458981435146243 29
1754624039730 0.7059353535673131 30
1754624039743 0.6720160667006103 31
1754624039764 0.6910898045415876 32
1754624039793 0.6576011799359364 33
1754624039843 0.6948394801749653 34
1754624039996 0.6778564128124523 35
1754624040060 0.7249701527153855 36
1754624040163 0.6807705566623129 37
1754624040234 0.7122048462838104 38
1754624040272 0.7117877889070652 39
1754624040333 0.6769805705802033 40
1754624040395 0.7126677133109947 41
1754624040447 0.7126586070232278 42
1754624040488 0.716050842803183 43
1754624040523 0.6626973113314456 44
1754624040589 0.7084918217904453 45
1754624040651 0.7304698067176465 46
1754624040706 0.6882262868931959 47
1754624040867 0.6851799158903235 48
1754624040892 0.6897261497031806 49
1754624040920 0.7369507000972059 50
1754624040996 0.7244643999100123 51
1754624041030 0.6655217948164914 52
1754624041049 0.7388054148670251 53
1754624041089 0.7001812660177859 54
1754624041166 0.6576587692944156 55
1754624041299 0.7166997987422057 56
1754624041554 0.6945571802529432 57
1754624041584 0.627438861139407 58
1754624041713 0.700451665617366 59
1754624041733 0.6923465242643401 60
1754624041781 0.6895563487112055 61
1754624041862 0.6876482360398535 62
1754624041887 0.7127110671253846 63
1754624041924 0.690605928208514 64
1754624042058 0.6939915660787173 65
1754624042102 0.7010424977372647 66
1754624042140 0.7153318352189146 67
1754624042168 0.762552083156508 68
1754624042229 0.6519840384481042 69
1754624042509 0.6966663316627519 70
1754624042892 0.6870185748827922 71
1754624042949 0.7504765033315974 72
1754624043037 0.6251670178968916 73
1754624043209 0.6243180649410051 74
1754624043240 0.6993852884059348 75
1754624043341 0.7381704618489859 76
1754624043435 0.6563947337271736 77
1754624043482 0.707617582762828 78
1754624043543 0.702764673142614 79
1754624043632 0.6452276218421755 80
1754624043691 0.7102945442027746 81
1754624043735 0.6655595736459791 82
1754624043950 0.6988579524409859 83
1754624043982 0.6883251712481 84
1754624044188 0.7242843716270919 85
1754624044202 0.7337303362366642 86
1754624044346 0.6909845780007163 87
1754624044399 0.6914921478927668 88
1754624044423 0.7429729019481585 89
1754624044503 0.6822250519850286 90
1754624044539 0.6508549777246347 91
1754624044674 0.7456433557535662 92
1754624044685 0.6744589871477921 93
1754624044784 0.6719343338513373 94
1754624044842 0.6562533424592252 95
1754624044858 0.770696873968993 96
1754624044917 0.7152244866302905 97
1754624044936 0.6492683039756714 98
1754624044976 0.6640900780983714 99
