1754790100874 0.10415305876690059 0
1754790100883 0.12914316730297676 1
1754790100892 0.11341388912288283 2
1754790100901 0.1164171600281397 3
1754790100911 0.10758492896309106 4
1754790100923 0.11334872577428204 5
1754790100936 0.11853789172934992 6
1754790100945 0.10900490780477216 7
1754790100954 0.12479234910825274 8
1754790100966 0.10840421500483108 9
1754790100978 0.10988412062460842 10
1754790100991 0.12523724485087978 11
1754790101000 0.1113868908889615 12
1754790101009 0.12511728977284636 13
1754790101018 0.1223399560824258 14
1754790101028 0.11147893739755381 15
1754790101037 0.13640030398373798 16
1754790101049 0.11161984041321979 17
1754790101058 0.11976598449578331 18
1754790101070 0.1122831701655194 19
1754790101082 0.0999953512542259 20
1754790101091 0.11270611968353628 21
1754790101100 0.11508901504821631 22
1754790101109 0.12472638559268827 23
1754790101117 0.11457631013280414 24
1754790101130 0.12107512114196602 25
1754790101142 0.11002206359594494 26
1754790101151 0.10839430273186239 27
1754790101160 0.13173433380239125 28
1754790101172 0.11059279067638943 29
1754790101181 0.13117491643671758 30
1754790101191 0.09762984475996651 31
1754790101207 0.12324588099946923 32
1754790101220 0.1081461461138371 33
1754790101230 0.10442411278068317 34
1754790101240 0.10547274417031918 35
1754790101253 0.11269107568864319 36
1754790101263 0.10587937390458221 37
1754790101273 0.1093020141547992 38
1754790101283 0.11197200419734563 39
1754790101293 0.10852999361847375 40
1754790101306 0.12054446764657407 41
1754790101328 0.10496351361333037 42
1754790101357 0.11966257658155663 43
1754790101371 0.11593801834347583 44
1754790101381 0.10660765494112476 45
1754790101390 0.10620861808320874 46
1754790101400 0.11137354370324012 47
1754790101413 0.10952031963783773 48
1754790101423 0.13250353901069414 49
1754790101436 0.10235969078579961 50
1754790101450 0.1106618980889954 51
1754790101459 0.13365201440110508 52
1754790101468 0.13062275153592187 53
1754790101480 0.09611802503981562 54
1754790101490 0.10526822861537877 55
1754790101499 0.10665847289479591 56
1754790101511 0.10553754124145176 57
1754790101525 0.11869461045346383 58
1754790101534 0.11708543098353479 59
1754790101544 0.11794757916583165 60
1754790101553 0.10989491080118066 61
1754790101565 0.1031263959474678 62
1754790101574 0.12462532427260667 63
1754790101584 0.1186688990953578 64
1754790101596 0.10550219071166482 65
1754790101606 0.12289108764543352 66
1754790101615 0.10848751806412708 67
1754790101624 0.10489503961106264 68
1754790101634 0.11606957994279013 69
1754790101645 0.10671324419952874 70
1754790101654 0.10936394549487202 71
1754790101668 0.11078316626977372 72
1754790101677 0.13000333510886203 73
1754790101690 0.11491147299226245 74
1754790101703 0.1042876464247271 75
1754790101712 0.11536933135576515 76
1754790101721 0.10684545904977953 77
1754790101731 0.11425076030146145 78
1754790101740 0.1044307193738477 79
