1754790100874 0.10584703845591115 0
1754790100883 0.11122162866494009 1
1754790100892 0.09980577441069347 2
1754790100901 0.09653147814360066 3
1754790100911 0.10585437759246838 4
1754790100923 0.08874849508471025 5
1754790100936 0.07662123863837937 6
1754790100945 0.12304828672634774 7
1754790100954 0.12048321512002377 8
1754790100966 0.04864310633267427 9
1754790100978 0.05209259276161583 10
1754790100991 0.072768084919925 11
1754790101000 0.10578264371613484 12
1754790101009 0.11784688656553799 13
1754790101018 0.11278588879653975 14
1754790101028 0.09852093582773103 15
1754790101037 0.11053862158833501 16
1754790101049 0.042158379878778594 17
1754790101058 0.11194103506555295 18
1754790101070 0.07515816244119225 19
1754790101082 0.058211402261280534 20
1754790101091 0.1109962934352533 21
1754790101100 0.10205001548762058 22
1754790101109 0.10431165087360841 23
1754790101117 0.10432016456830451 24
1754790101130 0.056143863012877736 25
1754790101142 0.056370489496514686 26
1754790101151 0.10102939999299809 27
1754790101160 0.11302356355305945 28
1754790101172 0.05027295180253681 29
1754790101181 0.10026718928277059 30
1754790101191 0.10752757107278557 31
1754790101207 0.04211167662623683 32
1754790101220 0.06090784445745249 33
1754790101230 0.11641496603615342 34
1754790101240 0.11798126365642866 35
1754790101253 0.06897869173509288 36
1754790101263 0.11690941306948233 37
1754790101273 0.11829749926890099 38
1754790101283 0.10542814298737076 39
1754790101293 0.10614121877103602 40
1754790101306 0.0469739325358871 41
1754790101328 0.048494804935809724 42
1754790101357 0.12777349494167445 43
1754790101371 0.09972190736307451 44
1754790101381 0.10885037806020126 45
1754790101390 0.10098233283551902 46
1754790101400 0.11764346454634826 47
1754790101413 0.03311794126593186 48
1754790101423 0.0901366132003701 49
1754790101436 0.10822233114222497 50
1754790101450 0.09959687323041169 51
1754790101459 0.10989872100285862 52
1754790101468 0.10117626032698843 53
1754790101480 0.05136186879357828 54
1754790101490 0.10305769614129726 55
1754790101499 0.11833337719362716 56
1754790101511 0.058029141006726716 57
1754790101525 0.04568819878766554 58
1754790101534 0.11491616158735789 59
1754790101544 0.11722183241972292 60
1754790101553 0.11638532247524384 61
1754790101565 0.041685681357786594 62
1754790101574 0.10432177927577979 63
1754790101584 0.1111735386686444 64
1754790101596 0.06442912955586114 65
1754790101606 0.0985203675664301 66
1754790101615 0.10248206693324655 67
1754790101624 0.10666466536747816 68
1754790101634 0.09928758363372853 69
1754790101645 0.09925983458994192 70
1754790101654 0.09745457791715186 71
1754790101668 0.09961384881549365 72
1754790101677 0.10593309621382599 73
1754790101690 0.04903597236983986 74
1754790101703 0.05503686846072643 75
1754790101712 0.11491428790061753 76
1754790101721 0.10676596040491146 77
1754790101731 0.09907439475353279 78
1754790101740 0.10559347065437823 79
