1754790100874 0.12949240322743344 0
1754790100883 0.076313686407501 1
1754790100892 0.03916264990707781 2
1754790100901 0.09404783747252647 3
1754790100911 0.09110397653802682 4
1754790100923 0.07519018886597788 5
1754790100936 0.08013547002585213 6
1754790100945 0.11264506581329918 7
1754790100954 0.06387227006414128 8
1754790100966 0.1501656671999397 9
1754790100978 0.08447339316284079 10
1754790100991 0.07610288395292404 11
1754790101000 0.15045507707573175 12
1754790101009 0.06664189433532233 13
1754790101018 0.12468265740583959 14
1754790101028 0.07129565664984253 15
1754790101037 0.18471630108369314 16
1754790101049 0.1498760403454252 17
1754790101058 0.08974382602564521 18
1754790101070 0.11163229895868501 19
1754790101082 0.057883237563484256 20
1754790101091 0.07827651429809315 21
1754790101100 0.09463505918097166 22
1754790101109 0.126429810754669 23
1754790101117 0.09496107797150977 24
1754790101130 0.11383689622287214 25
1754790101142 0.09244324756864905 26
1754790101151 0.19949225272263274 27
1754790101160 0.13978682194818842 28
1754790101172 0.17552728297908543 29
1754790101181 0.11778190958484203 30
1754790101191 0.12464633149774684 31
1754790101207 0.14468214969198848 32
1754790101220 0.17115432056369356 33
1754790101230 0.1299751605361621 34
1754790101240 0.08892897174536234 35
1754790101253 0.061209870273967584 36
1754790101263 0.08368711309440595 37
1754790101273 0.16356152325026513 38
1754790101283 0.0709094861472284 39
1754790101293 0.1051263960793655 40
1754790101306 0.08127017511586913 41
1754790101328 0.06882953665354208 42
1754790101357 0.07502038369367003 43
1754790101371 0.1682974224521562 44
1754790101381 0.11797162294993538 45
1754790101390 0.05682820734191729 46
1754790101400 0.1469760153637381 47
1754790101413 0.07469880732768815 48
1754790101423 0.1780712175321238 49
1754790101436 0.09902525772566229 50
1754790101450 0.0723804873463525 51
1754790101459 0.10397930523843577 52
1754790101468 0.10024180090649448 53
1754790101480 0.10853098407779652 54
1754790101490 0.09468075403575345 55
1754790101499 0.09355355541247742 56
1754790101511 0.12661364209821588 57
1754790101525 0.0968180408207143 58
1754790101534 0.2126073303144981 59
1754790101544 0.09722865067869772 60
1754790101553 0.0746764289675049 61
1754790101565 0.07430495344608339 62
1754790101574 0.15222427993438786 63
1754790101584 0.04381643587602291 64
1754790101596 0.11360058650787312 65
1754790101606 0.20615682622670714 66
1754790101615 0.11490582128143725 67
1754790101624 0.16179866916777375 68
1754790101634 0.16616005598947278 69
1754790101645 0.09842199705889385 70
1754790101654 0.15556516721353814 71
1754790101668 0.11969792100551882 72
1754790101677 0.07635458018875844 73
1754790101690 0.14018452193371064 74
1754790101703 0.15448492899167884 75
1754790101712 0.09933344202853096 76
1754790101721 0.12216334724813471 77
1754790101731 0.08741079840961223 78
1754790101740 0.08517422470848306 79
