1754790100874 0.9904015260503771 0
1754790100883 0.9903939590773592 1
1754790100892 0.9901861577623181 2
1754790100901 0.9897474561565942 3
1754790100911 0.9900666816899981 4
1754790100923 1.0016524692044635 5
1754790100936 1.0167596187632242 6
1754790100945 0.9900020769918791 7
1754790100954 0.9899999999999999 8
1754790100966 1.0418484548554288 9
1754790100978 1.041193422127892 10
1754790100991 1.0295309630751548 11
1754790101000 0.9897606788651613 12
1754790101009 0.99067695951834 13
1754790101018 0.9899999999999999 14
1754790101028 0.9910959079928363 15
1754790101037 0.9878701581118137 16
1754790101049 1.0688821237461459 17
1754790101058 0.9899999999999999 18
1754790101070 1.014509794918033 19
1754790101082 1.0404792290423268 20
1754790101091 0.9896928714300944 21
1754790101100 0.9898059110361811 22
1754790101109 0.9899999999999999 23
1754790101117 0.9899999999999999 24
1754790101130 1.0435641485347387 25
1754790101142 1.0512269994624073 26
1754790101151 0.9900863005379699 27
1754790101160 0.9891419998060947 28
1754790101172 1.047367359624068 29
1754790101181 0.9899999999999999 30
1754790101191 0.990305913173982 31
1754790101207 1.0373064840365238 32
1754790101220 1.0285905924968652 33
1754790101230 0.9900633248099695 34
1754790101240 0.9901189178549545 35
1754790101253 1.0340968252370801 36
1754790101263 0.9901232758463383 37
1754790101273 0.9899999999999999 38
1754790101283 0.9903271866505738 39
1754790101293 0.9901784531802145 40
1754790101306 1.0430131818160358 41
1754790101328 1.0389152445911025 42
1754790101357 0.9891310899700608 43
1754790101371 0.9899974689376143 44
1754790101381 0.9899282167839515 45
1754790101390 0.9899999999999999 46
1754790101400 0.9908623817370257 47
1754790101413 1.0656646081012877 48
1754790101423 0.9897907808416776 49
1754790101436 0.9899999999999999 50
1754790101450 0.9899999999999999 51
1754790101459 0.990328933509113 52
1754790101468 0.9904546593892203 53
1754790101480 1.0525102687221688 54
1754790101490 0.9893315095155532 55
1754790101499 0.9899999999999999 56
1754790101511 1.036134125142105 57
1754790101525 0.8319678798917461 58
1754790101534 0.9893296274095884 59
1754790101544 0.9899906449861747 60
1754790101553 0.9899215434393291 61
1754790101565 1.0423665266473479 62
1754790101574 0.9888927661027783 63
1754790101584 0.9900466986492933 64
1754790101596 1.028756764535236 65
1754790101606 0.9897733190516065 66
1754790101615 0.9895633438078866 67
1754790101624 0.9890558786886818 68
1754790101634 0.9899999999999999 69
1754790101645 0.7793296118493356 70
1754790101654 0.9894858853765781 71
1754790101668 0.9899999999999999 72
1754790101677 0.9894520350419412 73
1754790101690 1.0376514860730752 74
1754790101703 1.034428559201368 75
1754790101712 0.9899343154913608 76
1754790101721 0.989311014456225 77
1754790101731 0.9899999999999999 78
1754790101740 0.9899402502717407 79
