1754790100874 1.0 0
1754790100883 1.0 1
1754790100892 1.0 2
1754790100901 1.0 3
1754790100911 1.0 4
1754790100923 1.0 5
1754790100936 1.0 6
1754790100945 1.0 7
1754790100954 1.0 8
1754790100966 1.0 9
1754790100978 1.0 10
1754790100991 1.0 11
1754790101000 1.0 12
1754790101009 1.0 13
1754790101018 1.0 14
1754790101028 1.0 15
1754790101037 1.0 16
1754790101049 1.0 17
1754790101058 1.0 18
1754790101070 1.0 19
1754790101082 1.0 20
1754790101091 1.0 21
1754790101100 1.0 22
1754790101109 1.0 23
1754790101117 1.0 24
1754790101130 1.0 25
1754790101142 1.0 26
1754790101151 1.0 27
1754790101160 1.0 28
1754790101172 1.0 29
1754790101181 1.0 30
1754790101191 1.0 31
1754790101207 1.0 32
1754790101220 1.0 33
1754790101230 1.0 34
1754790101240 1.0 35
1754790101253 1.0 36
1754790101263 1.0 37
1754790101273 1.0 38
1754790101283 1.0 39
1754790101293 1.0 40
1754790101306 1.0 41
1754790101328 1.0 42
1754790101357 1.0 43
1754790101371 1.0 44
1754790101381 1.0 45
1754790101390 1.0 46
1754790101400 1.0 47
1754790101413 1.0 48
1754790101423 1.0 49
1754790101436 1.0 50
1754790101450 1.0 51
1754790101459 1.0 52
1754790101468 1.0 53
1754790101480 1.0 54
1754790101490 1.0 55
1754790101499 1.0 56
1754790101511 1.0 57
1754790101525 2.0 58
1754790101534 1.0 59
1754790101544 1.0 60
1754790101553 1.0 61
1754790101565 1.0 62
1754790101574 1.0 63
1754790101584 1.0 64
1754790101596 1.0 65
1754790101606 1.0 66
1754790101615 1.0 67
1754790101624 1.0 68
1754790101634 1.0 69
1754790101645 2.0 70
1754790101654 1.0 71
1754790101668 1.0 72
1754790101677 1.0 73
1754790101690 1.0 74
1754790101703 1.0 75
1754790101712 1.0 76
1754790101721 1.0 77
1754790101731 1.0 78
1754790101740 1.0 79
