1754790100874 0.9999999999999999 0
1754790100883 0.9999999999999999 1
1754790100892 0.9999999999999999 2
1754790100901 0.9999999999999999 3
1754790100911 0.9999999999999999 4
1754790100923 0.9999999999999999 5
1754790100936 0.9999999999999999 6
1754790100945 0.9999999999999999 7
1754790100954 0.9999999999999999 8
1754790100966 0.9999999999999999 9
1754790100978 0.9999999999999999 10
1754790100991 0.9999999999999999 11
1754790101000 0.9999999999999999 12
1754790101009 0.9999999999999999 13
1754790101018 0.9999999999999999 14
1754790101028 0.9999999999999999 15
1754790101037 0.9999999999999999 16
1754790101049 0.9999999999999999 17
1754790101058 0.9999999999999999 18
1754790101070 0.9999999999999999 19
1754790101082 0.9999999999999999 20
1754790101091 0.9999999999999999 21
1754790101100 0.9999999999999999 22
1754790101109 0.9999999999999999 23
1754790101117 0.9999999999999999 24
1754790101130 0.9999999999999999 25
1754790101142 0.9999999999999999 26
1754790101151 0.9999999999999999 27
1754790101160 0.9999999999999999 28
1754790101172 0.9999999999999999 29
1754790101181 0.9999999999999999 30
1754790101191 0.9999999999999999 31
1754790101207 0.9999999999999999 32
1754790101220 0.9999999999999999 33
1754790101230 0.9999999999999999 34
1754790101240 0.9999999999999999 35
1754790101253 0.9999999999999999 36
1754790101263 0.9999999999999999 37
1754790101273 0.9999999999999999 38
1754790101283 0.9999999999999999 39
1754790101293 0.9999999999999999 40
1754790101306 0.9999999999999999 41
1754790101328 0.9999999999999999 42
1754790101357 0.9999999999999999 43
1754790101371 0.9999999999999999 44
1754790101381 0.9999999999999999 45
1754790101390 0.9999999999999999 46
1754790101400 0.9999999999999999 47
1754790101413 0.9999999999999999 48
1754790101423 0.9999999999999999 49
1754790101436 0.9999999999999999 50
1754790101450 0.9999999999999999 51
1754790101459 0.9999999999999999 52
1754790101468 0.9999999999999999 53
1754790101480 0.9999999999999999 54
1754790101490 0.9999999999999999 55
1754790101499 0.9999999999999999 56
1754790101511 0.9999999999999999 57
1754790101525 0.9999999999999999 58
1754790101534 0.9999999999999999 59
1754790101544 0.9999999999999999 60
1754790101553 0.9999999999999999 61
1754790101565 0.9999999999999999 62
1754790101574 0.9999999999999999 63
1754790101584 0.9999999999999999 64
1754790101596 0.9999999999999999 65
1754790101606 0.9999999999999999 66
1754790101615 0.9999999999999999 67
1754790101624 0.9999999999999999 68
1754790101634 0.9999999999999999 69
1754790101645 0.9999999999999999 70
1754790101654 0.9999999999999999 71
1754790101668 0.9999999999999999 72
1754790101677 0.9999999999999999 73
1754790101690 0.9999999999999999 74
1754790101703 0.9999999999999999 75
1754790101712 0.9999999999999999 76
1754790101721 0.9999999999999999 77
1754790101731 0.9999999999999999 78
1754790101740 0.9999999999999999 79
