1754790104483 0.11341388912288283 0
1754790104491 0.1164171600281397 1
1754790104500 0.10758492896309106 2
1754790104512 0.11281376887520622 3
1754790104524 0.1158600500239386 4
1754790104533 0.10900490780477216 5
1754790104542 0.12479234910825274 6
1754790104554 0.10807773393953457 7
1754790104566 0.10888600281452883 8
1754790104578 0.12462691383717453 9
1754790104587 0.1113868908889615 10
1754790104595 0.12511728977284636 11
1754790104604 0.1223399560824258 12
1754790104613 0.11147893739755381 13
1754790104622 0.13640030398373798 14
1754790104633 0.11532360624240719 15
1754790104642 0.11976598449578331 16
1754790104654 0.11105907889591979 17
1754790104666 0.1014390831275366 18
1754790104675 0.11270611968353628 19
1754790104683 0.11508901504821631 20
1754790104692 0.12472638559268827 21
1754790104701 0.11457631013280414 22
1754790104713 0.12107512114196602 23
1754790104725 0.10852419398234892 24
1754790104736 0.10839430273186239 25
1754790104746 0.13173433380239125 26
1754790104759 0.1113605416858335 27
1754790104769 0.13117491643671758 28
1754790104778 0.09762984475996651 29
1754790104790 0.12311269023823934 30
1754790104802 0.10625806035351452 31
1754790104810 0.10442411278068317 32
1754790104819 0.10547274417031918 33
1754790104831 0.1132245070556761 34
1754790104840 0.10587937390458221 35
1754790104848 0.1093020141547992 36
1754790104857 0.11197200419734563 37
1754790104866 0.10852999361847375 38
1754790104878 0.12098862258096191 39
1754790104890 0.10496351361333037 40
1754790104899 0.11966257658155663 41
1754790104908 0.11593801834347583 42
1754790104916 0.10660765494112476 43
1754790104925 0.10620861808320874 44
1754790104934 0.11137354370324012 45
1754790104946 0.11267269854984777 46
1754790104955 0.13250353901069414 47
1754790104964 0.10235969078579961 48
1754790104973 0.1106618980889954 49
1754790104982 0.13365201440110508 50
1754790104991 0.13062275153592187 51
1754790105003 0.09436093329283222 52
1754790105012 0.10526822861537877 53
1754790105021 0.10665847289479591 54
1754790105033 0.10684690351168817 55
1754790105042 0.1202485225486624 56
1754790105051 0.11708543098353479 57
1754790105061 0.11794757916583165 58
1754790105070 0.10989491080118066 59
1754790105082 0.10489584438476988 60
1754790105091 0.12462532427260667 61
1754790105100 0.1186688990953578 62
1754790105112 0.10508684965960155 63
1754790105121 0.12289108764543352 64
1754790105131 0.10848751806412708 65
1754790105140 0.10489503961106264 66
1754790105149 0.11606957994279013 67
1754790105160 0.10671324419952874 68
1754790105169 0.10936394549487202 69
1754790105179 0.11078316626977372 70
1754790105191 0.12786379009558285 71
1754790105204 0.11272288332670728 72
1754790105216 0.10514258215947128 73
1754790105225 0.11536933135576515 74
1754790105235 0.10684545904977953 75
1754790105244 0.11425076030146145 76
1754790105253 0.1044307193738477 77
1754790105266 0.11744613434498688 78
1754790105275 0.11772928084725591 79
