1754790104483 0.09980577441069347 0
1754790104491 0.09653147814360066 1
1754790104500 0.10585437759246838 2
1754790104512 0.06234205082365228 3
1754790104524 0.050492462272549075 4
1754790104533 0.12304828672634774 5
1754790104542 0.12048321512002377 6
1754790104554 0.07532313828373308 7
1754790104566 0.0375881665683154 8
1754790104578 0.06735180185788112 9
1754790104587 0.10578264371613484 10
1754790104595 0.11784688656553799 11
1754790104604 0.11278588879653975 12
1754790104613 0.09852093582773103 13
1754790104622 0.11053862158833501 14
1754790104633 0.08637313046603737 15
1754790104642 0.11194103506555295 16
1754790104654 0.06307312033275678 17
1754790104666 0.05243395964493387 18
1754790104675 0.1109962934352533 19
1754790104683 0.10205001548762058 20
1754790104692 0.10431165087360841 21
1754790104701 0.10432016456830451 22
1754790104713 0.056143863012877736 23
1754790104725 0.07230476158868061 24
1754790104736 0.10102939999299809 25
1754790104746 0.11302356355305945 26
1754790104759 0.06288518403880203 27
1754790104769 0.10026718928277059 28
1754790104778 0.10752757107278557 29
1754790104790 0.030633569660437104 30
1754790104802 0.03540215019379673 31
1754790104810 0.11641496603615342 32
1754790104819 0.11798126365642866 33
1754790104831 0.09955498492809012 34
1754790104840 0.11690941306948233 35
1754790104848 0.11829749926890099 36
1754790104857 0.10542814298737076 37
1754790104866 0.10614121877103602 38
1754790104878 0.03371702115112131 39
1754790104890 0.048494804935809724 40
1754790104899 0.12777349494167445 41
1754790104908 0.09972190736307451 42
1754790104916 0.10885037806020126 43
1754790104925 0.10098233283551902 44
1754790104934 0.11764346454634826 45
1754790104946 0.0730939698426495 46
1754790104955 0.0901366132003701 47
1754790104964 0.10822233114222497 48
1754790104973 0.09959687323041169 49
1754790104982 0.10989872100285862 50
1754790104991 0.10117626032698843 51
1754790105003 0.05151915409582407 52
1754790105012 0.10305769614129726 53
1754790105021 0.11833337719362716 54
1754790105033 0.07310623266610139 55
1754790105042 0.0987243774334468 56
1754790105051 0.11491616158735789 57
1754790105061 0.11722183241972292 58
1754790105070 0.11638532247524384 59
1754790105082 0.05283107873127131 60
1754790105091 0.10432177927577979 61
1754790105100 0.1111735386686444 62
1754790105112 0.06918323711231787 63
1754790105121 0.0985203675664301 64
1754790105131 0.10248206693324655 65
1754790105140 0.10666466536747816 66
1754790105149 0.09928758363372853 67
1754790105160 0.09925983458994192 68
1754790105169 0.09745457791715186 69
1754790105179 0.09961384881549365 70
1754790105191 0.06500190469634189 71
1754790105204 0.06434552297584777 72
1754790105216 0.06062153592568907 73
1754790105225 0.11491428790061753 74
1754790105235 0.10676596040491146 75
1754790105244 0.09907439475353279 76
1754790105253 0.10559347065437823 77
1754790105266 0.04500389163442064 78
1754790105275 0.09730039780989849 79
