1754790104483 0.039534965431714045 0
1754790104491 0.09397708058139997 1
1754790104500 0.09130433582707838 2
1754790104512 0.07519018886597788 3
1754790104524 0.08013547002585213 4
1754790104533 0.11289815797527165 5
1754790104542 0.06195710765921714 6
1754790104554 0.1501656671999397 7
1754790104566 0.08447339316284079 8
1754790104578 0.07610288395292404 9
1754790104587 0.1502750867005945 10
1754790104595 0.06664189433532233 11
1754790104604 0.12468265740583959 12
1754790104613 0.07129565664984253 13
1754790104622 0.18471630108369314 14
1754790104633 0.1498760403454252 15
1754790104642 0.08974382602564521 16
1754790104654 0.11163229895868501 17
1754790104666 0.057883237563484256 18
1754790104675 0.07793443670697328 19
1754790104683 0.0944977446247007 20
1754790104692 0.126429810754669 21
1754790104701 0.09294170966348059 22
1754790104713 0.11383689622287214 23
1754790104725 0.09244324756864905 24
1754790104736 0.19939166794711854 25
1754790104746 0.13807304979795756 26
1754790104759 0.17552728297908543 27
1754790104769 0.11778190958484203 28
1754790104778 0.12464633149774684 29
1754790104790 0.14468214969198848 30
1754790104802 0.17115432056369356 31
1754790104810 0.13001251662248378 32
1754790104819 0.08892897174536234 33
1754790104831 0.061209870273967584 34
1754790104840 0.08368711309440595 35
1754790104848 0.16356152325026513 36
1754790104857 0.07126732996654575 37
1754790104866 0.10513986434028677 38
1754790104878 0.08127017511586913 39
1754790104890 0.06882953665354208 40
1754790104899 0.0743746005961766 41
1754790104908 0.16776853830454924 42
1754790104916 0.11675796561954055 43
1754790104925 0.05682820734191729 44
1754790104934 0.1471051825920812 45
1754790104946 0.07469880732768815 46
1754790104955 0.17899033052977115 47
1754790104964 0.10171676886675822 48
1754790104973 0.0723804873463525 49
1754790104982 0.10471561682349488 50
1754790104991 0.10185244059266907 51
1754790105003 0.10853098407779652 52
1754790105012 0.09422106341475071 53
1754790105021 0.09355355541247742 54
1754790105033 0.12661364209821588 55
1754790105042 0.09503343870642826 56
1754790105051 0.2106754972447785 57
1754790105061 0.09720994065104752 58
1754790105070 0.0746764289675049 59
1754790105082 0.07430495344608339 60
1754790105091 0.15252746503177583 61
1754790105100 0.04368765882930355 62
1754790105112 0.11360058650787312 63
1754790105121 0.2063746827498198 64
1754790105131 0.11406224460387282 65
1754790105140 0.1618771592773877 66
1754790105149 0.16616005598947278 67
1754790105160 0.0981109307685644 68
1754790105169 0.15556516721353814 69
1754790105179 0.12011704909490621 70
1754790105191 0.07525865027264107 71
1754790105204 0.14018452193371064 72
1754790105216 0.15448492899167884 73
1754790105225 0.09933344202853096 74
1754790105235 0.12228805175981457 75
1754790105244 0.08741079840961223 76
1754790105253 0.0853597592183954 77
1754790105266 0.16304332321567366 78
1754790105275 0.10122646121916165 79
