1754790104483 0.9899999999999999 0
1754790104491 0.9897828346021574 1
1754790104500 0.9899665020454724 2
1754790104512 1.0280589134655214 3
1754790104524 1.0428883951290546 4
1754790104533 0.989875530910893 5
1754790104542 0.990957581202462 6
1754790104554 1.0151684229043698 7
1754790104566 1.0556978483211925 8
1754790104578 1.0349472461371987 9
1754790104587 0.9898506740527299 10
1754790104595 0.99067695951834 11
1754790104604 0.9899999999999999 12
1754790104613 0.9910959079928363 13
1754790104622 0.9878701581118137 14
1754790104633 1.0246673731588871 15
1754790104642 0.9899999999999999 16
1754790104654 1.0265948370264686 17
1754790104666 1.0462566716586734 18
1754790104675 0.9898639102256543 19
1754790104683 0.9898745683143165 20
1754790104692 0.9899999999999999 21
1754790104701 0.9910096841540146 22
1754790104713 1.0435641485347387 23
1754790104725 1.0352927273702413 24
1754790104736 0.7801365929257269 25
1754790104746 0.9899988858812102 26
1754790104759 1.0347551273878028 27
1754790104769 0.9899999999999999 28
1754790104778 0.990305913173982 29
1754790104790 1.0487845910023235 30
1754790104802 1.054096286760521 31
1754790104810 0.9900446467668087 32
1754790104819 0.9901189178549545 33
1754790104831 1.003520532044083 34
1754790104840 0.9901232758463383 35
1754790104848 0.9899999999999999 36
1754790104857 0.9901482647409152 37
1754790104866 0.9901717190497539 38
1754790104878 1.0562700932008016 39
1754790104890 1.0389152445911025 40
1754790104899 0.9894539815188076 41
1754790104908 0.9902619110114179 42
1754790104916 0.9905350454491488 43
1754790104925 0.9899999999999999 44
1754790104934 0.990797798122854 45
1754790104946 1.02568857952457 46
1754790104955 0.9893312243428539 47
1754790104964 0.9886542444294519 48
1754790104973 0.9899999999999999 49
1754790104982 0.9899607777165834 50
1754790104991 0.989649339546133 51
1754790105003 1.052352983419923 52
1754790105012 0.9895613548260545 53
1754790105021 0.9899999999999999 54
1754790105033 1.0210570334827302 55
1754790105042 0.9898240023031079 56
1754790105051 0.9902955439444483 57
1754790105061 0.9899999999999999 58
1754790105070 0.9899215434393291 59
1754790105082 1.0312211292738631 60
1754790105091 0.9887411735540844 61
1754790105100 0.9901110871726531 62
1754790105112 1.0240026569787792 63
1754790105121 0.9896643907900502 64
1754790105131 0.9899851321466688 65
1754790105140 0.9890166336338749 66
1754790105149 0.9899999999999999 67
1754790105160 0.7794851449945004 68
1754790105169 0.9894858853765781 69
1754790105179 0.9897904359553061 70
1754790105191 1.030931191517484 71
1754790105204 1.0223419354670673 72
1754790105216 1.0288438917364053 73
1754790105225 0.9899343154913608 74
1754790105235 0.9892486622003851 75
1754790105244 0.9899999999999999 76
1754790105253 0.9898474830167845 77
1754790105266 1.048834628580805 78
1754790105275 0.989990568080929 79
