1754790104483 1.0 0
1754790104491 1.0 1
1754790104500 1.0 2
1754790104512 1.0 3
1754790104524 1.0 4
1754790104533 1.0 5
1754790104542 1.0 6
1754790104554 1.0 7
1754790104566 1.0 8
1754790104578 1.0 9
1754790104587 1.0 10
1754790104595 1.0 11
1754790104604 1.0 12
1754790104613 1.0 13
1754790104622 1.0 14
1754790104633 1.0 15
1754790104642 1.0 16
1754790104654 1.0 17
1754790104666 1.0 18
1754790104675 1.0 19
1754790104683 1.0 20
1754790104692 1.0 21
1754790104701 1.0 22
1754790104713 1.0 23
1754790104725 1.0 24
1754790104736 2.0 25
1754790104746 1.0 26
1754790104759 1.0 27
1754790104769 1.0 28
1754790104778 1.0 29
1754790104790 1.0 30
1754790104802 1.0 31
1754790104810 1.0 32
1754790104819 1.0 33
1754790104831 1.0 34
1754790104840 1.0 35
1754790104848 1.0 36
1754790104857 1.0 37
1754790104866 1.0 38
1754790104878 1.0 39
1754790104890 1.0 40
1754790104899 1.0 41
1754790104908 1.0 42
1754790104916 1.0 43
1754790104925 1.0 44
1754790104934 1.0 45
1754790104946 1.0 46
1754790104955 1.0 47
1754790104964 1.0 48
1754790104973 1.0 49
1754790104982 1.0 50
1754790104991 1.0 51
1754790105003 1.0 52
1754790105012 1.0 53
1754790105021 1.0 54
1754790105033 1.0 55
1754790105042 1.0 56
1754790105051 1.0 57
1754790105061 1.0 58
1754790105070 1.0 59
1754790105082 1.0 60
1754790105091 1.0 61
1754790105100 1.0 62
1754790105112 1.0 63
1754790105121 1.0 64
1754790105131 1.0 65
1754790105140 1.0 66
1754790105149 1.0 67
1754790105160 2.0 68
1754790105169 1.0 69
1754790105179 1.0 70
1754790105191 1.0 71
1754790105204 1.0 72
1754790105216 1.0 73
1754790105225 1.0 74
1754790105235 1.0 75
1754790105244 1.0 76
1754790105253 1.0 77
1754790105266 1.0 78
1754790105275 1.0 79
