1754790104483 0.9999999999999999 0
1754790104491 0.9999999999999999 1
1754790104500 0.9999999999999999 2
1754790104512 0.9999999999999999 3
1754790104524 0.9999999999999999 4
1754790104533 0.9999999999999999 5
1754790104542 0.9999999999999999 6
1754790104554 0.9999999999999999 7
1754790104566 0.9999999999999999 8
1754790104578 0.9999999999999999 9
1754790104587 0.9999999999999999 10
1754790104595 0.9999999999999999 11
1754790104604 0.9999999999999999 12
1754790104613 0.9999999999999999 13
1754790104622 0.9999999999999999 14
1754790104633 0.9999999999999999 15
1754790104642 0.9999999999999999 16
1754790104654 0.9999999999999999 17
1754790104666 0.9999999999999999 18
1754790104675 0.9999999999999999 19
1754790104683 0.9999999999999999 20
1754790104692 0.9999999999999999 21
1754790104701 0.9999999999999999 22
1754790104713 0.9999999999999999 23
1754790104725 0.9999999999999999 24
1754790104736 0.9999999999999999 25
1754790104746 0.9999999999999999 26
1754790104759 0.9999999999999999 27
1754790104769 0.9999999999999999 28
1754790104778 0.9999999999999999 29
1754790104790 0.9999999999999999 30
1754790104802 0.9999999999999999 31
1754790104810 0.9999999999999999 32
1754790104819 0.9999999999999999 33
1754790104831 0.9999999999999999 34
1754790104840 0.9999999999999999 35
1754790104848 0.9999999999999999 36
1754790104857 0.9999999999999999 37
1754790104866 0.9999999999999999 38
1754790104878 0.9999999999999999 39
1754790104890 0.9999999999999999 40
1754790104899 0.9999999999999999 41
1754790104908 0.9999999999999999 42
1754790104916 0.9999999999999999 43
1754790104925 0.9999999999999999 44
1754790104934 0.9999999999999999 45
1754790104946 0.9999999999999999 46
1754790104955 0.9999999999999999 47
1754790104964 0.9999999999999999 48
1754790104973 0.9999999999999999 49
1754790104982 0.9999999999999999 50
1754790104991 0.9999999999999999 51
1754790105003 0.9999999999999999 52
1754790105012 0.9999999999999999 53
1754790105021 0.9999999999999999 54
1754790105033 0.9999999999999999 55
1754790105042 0.9999999999999999 56
1754790105051 0.9999999999999999 57
1754790105061 0.9999999999999999 58
1754790105070 0.9999999999999999 59
1754790105082 0.9999999999999999 60
1754790105091 0.9999999999999999 61
1754790105100 0.9999999999999999 62
1754790105112 0.9999999999999999 63
1754790105121 0.9999999999999999 64
1754790105131 0.9999999999999999 65
1754790105140 0.9999999999999999 66
1754790105149 0.9999999999999999 67
1754790105160 0.9999999999999999 68
1754790105169 0.9999999999999999 69
1754790105179 0.9999999999999999 70
1754790105191 0.9999999999999999 71
1754790105204 0.9999999999999999 72
1754790105216 0.9999999999999999 73
1754790105225 0.9999999999999999 74
1754790105235 0.9999999999999999 75
1754790105244 0.9999999999999999 76
1754790105253 0.9999999999999999 77
1754790105266 0.9999999999999999 78
1754790105275 0.9999999999999999 79
