1754623786573 0.11152995321112233 0
1754623786963 0.10355611166384322 1
1754623787004 0.1056031186093636 2
1754623787045 0.11118922992735869 3
1754623787201 0.11214162631861964 4
1754623787255 0.10439289534543424 5
1754623787291 0.1251604594615943 6
1754623787344 0.10929383868024303 7
1754623787387 0.11011259370044406 8
1754623787433 0.12524402178716798 9
1754623787458 0.10833251997610982 10
1754623787485 0.12501190316260816 11
1754623787575 0.11730044972223141 12
1754623787679 0.10553478188741763 13
1754623787712 0.13391691821090818 14
1754623787796 0.11377777629017574 15
1754623787833 0.11828363303989468 16
1754623787949 0.10483608878537365 17
1754623788028 0.10044024705029612 18
1754623788092 0.10879843783450123 19
1754623788204 0.10548048014488398 20
1754623788314 0.11618277795356984 21
1754623788486 0.10775402441189126 22
1754623788509 0.12431698128651014 23
1754623788568 0.10991151982035459 24
1754623788628 0.10655337809583423 25
1754623788657 0.13077867015581637 26
1754623788744 0.10961110923787983 27
1754623788787 0.129447367019694 28
1754623788888 0.09585823481768896 29
1754623789036 0.11992755962687056 30
1754623789057 0.10983961166309794 31
1754623789070 0.10442411278068317 32
1754623789091 0.10547274417031918 33
1754623789121 0.11447127399028026 34
1754623789172 0.10385922387465865 35
1754623789305 0.09890315525274758 36
1754623789416 0.11009404960979215 37
1754623789486 0.10665707438553813 38
1754623789564 0.1217806339564409 39
1754623789603 0.1046591971084948 40
1754623789662 0.119021904978342 41
1754623789784 0.11167523837566348 42
1754623789832 0.1038453685424526 43
1754623789906 0.10372268790802763 44
1754623789940 0.10920839823548104 45
1754623790053 0.10995165942965761 46
1754623790157 0.12789960085898006 47
1754623790218 0.10075246378722265 48
1754623790372 0.10383782858301585 49
1754623790401 0.13373103299951764 50
1754623790427 0.12986989048380365 51
1754623790510 0.09321071392717971 52
1754623790544 0.1052278008206348 53
1754623790562 0.10639210508802943 54
1754623790598 0.10757236121305347 55
1754623790683 0.11813379578970049 56
1754623791040 0.11284616241975358 57
1754623791105 0.11699264071883653 58
1754623791137 0.1074810822150414 59
1754623791268 0.10261508602196616 60
1754623791292 0.12462532427260667 61
1754623791571 0.10678505781153495 62
1754623791736 0.1022847505381802 63
1754623791761 0.12132491644816752 64
1754623791797 0.10696841826960668 65
1754623791939 0.0946457748369061 66
1754623791973 0.11424531813065339 67
1754623792030 0.1065688913175381 68
1754623792041 0.10936394549487202 69
1754623792104 0.10883879282010436 70
1754623792215 0.1227503707400904 71
1754623792243 0.1132598662895016 72
1754623792320 0.10424615315886845 73
1754623792409 0.11097474719785802 74
1754623792470 0.10506442016197337 75
1754623792499 0.1118617644745787 76
1754623792596 0.09987178673866234 77
1754623792628 0.11990338183064413 78
1754623792774 0.11135046430681965 79
1754623792799 0.1181172634630118 80
1754623792944 0.11175925434847848 81
1754623793009 0.12456034362431326 82
1754623793055 0.12021404764815047 83
1754623793277 0.10800359177916294 84
1754623793309 0.12111297523241378 85
1754623793414 0.09702070023634207 86
1754623793428 0.10655985318430743 87
1754623793580 0.10842489566065519 88
1754623793634 0.10826875147512297 89
1754623793669 0.10890644262550986 90
1754623793746 0.12710517056615447 91
1754623793782 0.11433743536410024 92
1754623793873 0.11358958105179676 93
1754623793884 0.12404639468183813 94
1754623793902 0.1181579567592316 95
1754623794090 0.10990995137467849 96
1754623794107 0.10551182008595314 97
1754623794169 0.11365558293383485 98
1754623794189 0.1153152771324351 99
