1754623786573 0.053643697757045264 0
1754623786963 0.04586259719657887 1
1754623787004 0.07795976901555574 2
1754623787045 0.07579179225286099 3
1754623787201 0.05758663237890449 4
1754623787255 0.09082649763334372 5
1754623787291 0.10185777715155123 6
1754623787344 0.06739566303418006 7
1754623787387 0.08804314528945348 8
1754623787433 0.09812588153176667 9
1754623787458 0.08493390731722641 10
1754623787485 0.10594659765739275 11
1754623787575 0.0673218876510993 12
1754623787679 0.0601234184093273 13
1754623787712 0.0855514315058912 14
1754623787796 0.07896112942259878 15
1754623787833 0.10474350805377504 16
1754623787949 0.051585327622050994 17
1754623788028 0.06405186410442462 18
1754623788092 0.08910605215533303 19
1754623788204 0.05634834865328616 20
1754623788314 0.06261583869077907 21
1754623788486 0.06285794833104688 22
1754623788509 0.09681937517005104 23
1754623788568 0.08903034798316198 24
1754623788628 0.07355217682663442 25
1754623788657 0.10269020528774879 26
1754623788744 0.06962030402754169 27
1754623788787 0.08326557050200942 28
1754623788888 0.06252743587909901 29
1754623789036 0.05132490122683834 30
1754623789057 0.09102280361971399 31
1754623789070 0.11641496603615342 32
1754623789091 0.11798126365642866 33
1754623789121 0.0988851765279003 34
1754623789172 0.0854354030920586 35
1754623789305 0.060429746699340536 36
1754623789416 0.061502717139454155 37
1754623789486 0.07265742319345363 38
1754623789564 0.0593988489761907 39
1754623789603 0.07423770650123665 40
1754623789662 0.09303403270692803 41
1754623789784 0.05625606359655226 42
1754623789832 0.08206679594210417 43
1754623789906 0.07167965742909485 44
1754623789940 0.10898556744819987 45
1754623790053 0.06105944462923435 46
1754623790157 0.053487125664920754 47
1754623790218 0.0690840949210241 48
1754623790372 0.05637366330601382 49
1754623790401 0.09879529246022724 50
1754623790427 0.09104183017491485 51
1754623790510 0.08260281395590344 52
1754623790544 0.0850877283934732 53
1754623790562 0.11103056734366482 54
1754623790598 0.0835010696758542 55
1754623790683 0.07592212194610552 56
1754623791040 0.06955109797993297 57
1754623791105 0.09903090296807265 58
1754623791137 0.09943767820505511 59
1754623791268 0.05102790216153352 60
1754623791292 0.10432177927577979 61
1754623791571 0.06183533606029494 62
1754623791736 0.05517813030893631 63
1754623791761 0.08853947472595305 64
1754623791797 0.07914908614111918 65
1754623791939 0.059327471022995404 66
1754623791973 0.08362711989866696 67
1754623792030 0.07497954934507076 68
1754623792041 0.09745457791715186 69
1754623792104 0.06118541833441826 70
1754623792215 0.05799198010382881 71
1754623792243 0.07701305414197485 72
1754623792320 0.06401046760118784 73
1754623792409 0.07066006004583258 74
1754623792470 0.08359524634863116 75
1754623792499 0.08117450266242751 76
1754623792596 0.062276882845887824 77
1754623792628 0.09576976127970467 78
1754623792774 0.04974412737760742 79
1754623792799 0.10174876770422074 80
1754623792944 0.06764819385656615 81
1754623793009 0.07200819268285422 82
1754623793055 0.08208735561691108 83
1754623793277 0.05497669458950781 84
1754623793309 0.08640303707367025 85
1754623793414 0.0582665440231074 86
1754623793428 0.11067469322985668 87
1754623793580 0.05170157937054204 88
1754623793634 0.057677595396804004 89
1754623793669 0.07768271157629293 90
1754623793746 0.08126571653890961 91
1754623793782 0.09251046958932074 92
1754623793873 0.05386124574674027 93
1754623793884 0.10630653066533602 94
1754623793902 0.1006656548995144 95
1754623794090 0.05753366118312068 96
1754623794107 0.11707854625134162 97
1754623794169 0.08194199372367894 98
1754623794189 0.10601380888714958 99
