1754623786573 0.038681676580135084 0
1754623786963 0.12597117136643074 1
1754623787004 0.09435273917538431 2
1754623787045 0.07769059556770656 3
1754623787201 0.08908010855146475 4
1754623787255 0.11459801579778475 5
1754623787291 0.06268904785118785 6
1754623787344 0.15004841948491415 7
1754623787387 0.08312359224064192 8
1754623787433 0.07662509963457306 9
1754623787458 0.15045507707573175 10
1754623787485 0.06551785856886827 11
1754623787575 0.11955342798916338 12
1754623787679 0.08759064366002516 13
1754623787712 0.18423146672997942 14
1754623787796 0.14532934362270106 15
1754623787833 0.0941693929891109 16
1754623787949 0.1154809246113068 17
1754623788028 0.060153600138804816 18
1754623788092 0.07838178774377429 19
1754623788204 0.08951028515269019 20
1754623788314 0.1281389466076112 21
1754623788486 0.10396248791204066 22
1754623788509 0.11855947503650839 23
1754623788568 0.09267597400850143 24
1754623788628 0.20520553244869183 25
1754623788657 0.13896822238430087 26
1754623788744 0.1761606506808766 27
1754623788787 0.1191449861082079 28
1754623788888 0.12419199341781369 29
1754623789036 0.14829656328707425 30
1754623789057 0.17115432056369356 31
1754623789070 0.1296767995841556 32
1754623789091 0.08706515077418633 33
1754623789121 0.057495514739686726 34
1754623789172 0.08353794022896147 35
1754623789305 0.16703211985542535 36
1754623789416 0.08250683218014725 37
1754623789486 0.10313221882610328 38
1754623789564 0.08054629674790839 39
1754623789603 0.06868024459529476 40
1754623789662 0.07318324908950072 41
1754623789784 0.16918551181153116 42
1754623789832 0.11660867533361277 43
1754623789906 0.06302870969448086 44
1754623789940 0.14701115765513606 45
1754623790053 0.08785391586666087 46
1754623790157 0.1807894853961308 47
1754623790218 0.09649592896852219 48
1754623790372 0.07622162851294192 49
1754623790401 0.10267263371149707 50
1754623790427 0.09994811671166826 51
1754623790510 0.11716450176985926 52
1754623790544 0.09447224526425017 53
1754623790562 0.09355355541247742 54
1754623790598 0.1279550808338314 55
1754623790683 0.08840098398859908 56
1754623791040 0.2085726661962905 57
1754623791105 0.10296116482740629 58
1754623791137 0.07546518843118921 59
1754623791268 0.0806169088730817 60
1754623791292 0.15280587117367847 61
1754623791571 0.0457521375912421 62
1754623791736 0.10679340508453539 63
1754623791761 0.20638780649161265 64
1754623791797 0.11619028428165787 65
1754623791939 0.1690229096722325 66
1754623791973 0.16779782019801406 67
1754623792030 0.10384570779052549 68
1754623792041 0.15493547496505472 69
1754623792104 0.12317474533238607 70
1754623792215 0.06744736041386493 71
1754623792243 0.14068460586633727 72
1754623792320 0.15215520813055275 73
1754623792409 0.09968556888364563 74
1754623792470 0.11895411637023497 75
1754623792499 0.08773148126532711 76
1754623792596 0.08847950716363204 77
1754623792628 0.16460304920721464 78
1754623792774 0.09457149104264247 79
1754623792799 0.14297933844318358 80
1754623792944 0.06171003489579121 81
1754623793009 0.10585724383130693 82
1754623793055 0.16667588580459575 83
1754623793277 0.12507691603784393 84
1754623793309 0.11971197330097869 85
1754623793414 0.08098026261584064 86
1754623793428 0.1511424001562302 87
1754623793580 0.11739133220382421 88
1754623793634 0.12611579044435217 89
1754623793669 0.16326291902567647 90
1754623793746 0.09855875676689205 91
1754623793782 0.023243910622484164 92
1754623793873 0.0900703455787335 93
1754623793884 0.11653520499690036 94
1754623793902 0.10492232985258135 95
1754623794090 0.13335387188461406 96
1754623794107 0.18059471751437642 97
1754623794169 0.1527988520132034 98
1754623794189 0.11539933320157444 99
