1754623786573 -0.7231673935844722 0
1754623786963 -1.9488394042957349 1
1754623787004 -0.18377233522661682 2
1754623787045 -0.15562214647328346 3
1754623787201 -0.8917827655461024 4
1754623787255 -0.19858053753720675 5
1754623787291 -0.1472571959419888 6
1754623787344 -0.1861740476215833 7
1754623787387 -0.2627898463497452 8
1754623787433 -0.12570414366444574 9
1754623787458 -0.09985954442970635 10
1754623787485 -0.18536915814721985 11
1754623787575 -0.4474161315653245 12
1754623787679 -0.4395193382076662 13
1754623787712 -0.18626063293353787 14
1754623787796 -0.43572468854249613 15
1754623787833 -0.20915390675810414 16
1754623787949 -0.5694802478490193 17
1754623788028 -0.38259574132627533 18
1754623788092 -0.4081619723391118 19
1754623788204 -0.4802183105128767 20
1754623788314 -0.49815269565572645 21
1754623788486 -0.8487028831829446 22
1754623788509 -0.14797523618063216 23
1754623788568 -0.31873839255321734 24
1754623788628 -0.3522485938719024 25
1754623788657 -0.1696313300479204 26
1754623788744 -0.5076644500778067 27
1754623788787 -0.22411032588944382 28
1754623788888 -0.4954856686861883 29
1754623789036 -0.7474665443997109 30
1754623789057 -0.12173378592374254 31
1754623789070 -0.07808605207582067 32
1754623789091 -0.12890639739693854 33
1754623789121 -0.16663645213487452 34
1754623789172 -0.25606959182399786 35
1754623789305 -0.6221795267468868 36
1754623789416 -0.5559921319502458 37
1754623789486 -0.4034495694684278 38
1754623789564 -0.42619955436122436 39
1754623789603 -0.16775320197236046 40
1754623789662 -0.2559400630988504 41
1754623789784 -0.6370904974188741 42
1754623789832 -0.23170799955218163 43
1754623789906 -0.4824573353604118 44
1754623789940 -0.23077544663759453 45
1754623790053 -0.648584284021636 46
1754623790157 -0.5305952124283433 47
1754623790218 -0.34892087591197185 48
1754623790372 -0.7761888902627153 49
1754623790401 -0.1387835305953912 50
1754623790427 -0.1090773730105189 51
1754623790510 -0.4211547441280795 52
1754623790544 -0.16221404022276487 53
1754623790562 -0.09288016744676132 54
1754623790598 -0.19923241848993362 55
1754623790683 -0.42355869496279286 56
1754623791040 -0.6603186500785713 57
1754623791105 -0.44245738038754273 58
1754623791137 -0.18295627083952926 59
1754623791268 -0.618846557913254 60
1754623791292 -0.14014665208079574 61
1754623791571 -1.3935556365924544 62
1754623791736 -0.8366216020381081 63
1754623791761 -0.16994800126540813 64
1754623791797 -0.17685086184330653 65
1754623791939 -0.5985466551829972 66
1754623791973 -0.11344394203957843 67
1754623792030 -0.317690995210872 68
1754623792041 -0.059940679670174864 69
1754623792104 -0.29285083392645694 70
1754623792215 -0.5531927449173974 71
1754623792243 -0.13957511130222439 72
1754623792320 -0.3619978889699168 73
1754623792409 -0.4521084296886622 74
1754623792470 -0.3723208064135661 75
1754623792499 -0.15110769524101003 76
1754623792596 -0.4923892925743997 77
1754623792628 -0.22231889500834115 78
1754623792774 -0.7132071921906925 79
1754623792799 -0.1400106952550107 80
1754623792944 -0.7035099677727252 81
1754623793009 -0.2632302054839599 82
1754623793055 -0.2384201276884147 83
1754623793277 -1.205326857821333 84
1754623793309 -0.16513856550193906 85
1754623793414 -0.5475931339731855 86
1754623793428 -0.053800959560604635 87
1754623793580 -0.7942903997551307 88
1754623793634 -0.18785864194692697 89
1754623793669 -0.13987674075087972 90
1754623793746 -0.4004207488926351 91
1754623793782 -0.20189650551523938 92
1754623793873 -0.4512339355340809 93
1754623793884 -0.05981416537962116 94
1754623793902 -0.068368623977957 95
1754623794090 -1.0569689109326952 96
1754623794107 -0.07745278691247388 97
1754623794169 -0.31300236141789145 98
1754623794189 -0.08534454721398871 99
