1754623786573 77.0 0
1754623786963 200.0 1
1754623787004 21.0 2
1754623787045 18.0 3
1754623787201 94.0 4
1754623787255 23.0 5
1754623787291 17.0 6
1754623787344 22.0 7
1754623787387 28.0 8
1754623787433 14.0 9
1754623787458 12.0 10
1754623787485 20.0 11
1754623787575 50.0 12
1754623787679 47.0 13
1754623787712 21.0 14
1754623787796 48.0 15
1754623787833 22.0 16
1754623787949 62.0 17
1754623788028 43.0 18
1754623788092 43.0 19
1754623788204 53.0 20
1754623788314 54.0 21
1754623788486 90.0 22
1754623788509 16.0 23
1754623788568 35.0 24
1754623788628 38.0 25
1754623788657 18.0 26
1754623788744 55.0 27
1754623788787 24.0 28
1754623788888 55.0 29
1754623789036 79.0 30
1754623789057 13.0 31
1754623789070 8.0 32
1754623789091 13.0 33
1754623789121 18.0 34
1754623789172 29.0 35
1754623789305 68.0 36
1754623789416 60.0 37
1754623789486 44.0 38
1754623789564 47.0 39
1754623789603 19.0 40
1754623789662 29.0 41
1754623789784 68.0 42
1754623789832 26.0 43
1754623789906 51.0 44
1754623789940 24.0 45
1754623790053 70.0 46
1754623790157 57.0 47
1754623790218 39.0 48
1754623790372 83.0 49
1754623790401 15.0 50
1754623790427 12.0 51
1754623790510 45.0 52
1754623790544 18.0 53
1754623790562 10.0 54
1754623790598 22.0 55
1754623790683 45.0 56
1754623791040 71.0 57
1754623791105 46.0 58
1754623791137 20.0 59
1754623791268 66.0 60
1754623791292 14.0 61
1754623791571 145.0 62
1754623791736 89.0 63
1754623791761 18.0 64
1754623791797 20.0 65
1754623791939 64.0 66
1754623791973 13.0 67
1754623792030 34.0 68
1754623792041 6.0 69
1754623792104 33.0 70
1754623792215 61.0 71
1754623792243 16.0 72
1754623792320 40.0 73
1754623792409 50.0 74
1754623792470 39.0 75
1754623792499 17.0 76
1754623792596 54.0 77
1754623792628 23.0 78
1754623792774 77.0 79
1754623792799 15.0 80
1754623792944 77.0 81
1754623793009 29.0 82
1754623793055 26.0 83
1754623793277 127.0 84
1754623793309 19.0 85
1754623793414 60.0 86
1754623793428 6.0 87
1754623793580 83.0 88
1754623793634 23.0 89
1754623793669 16.0 90
1754623793746 43.0 91
1754623793782 22.0 92
1754623793873 49.0 93
1754623793884 6.0 94
1754623793902 8.0 95
1754623794090 111.0 96
1754623794107 9.0 97
1754623794169 35.0 98
1754623794189 10.0 99
