1754623786573 0.6705638684838531 0
1754623786963 0.7186616699944952 1
1754623787004 0.7078696536927298 2
1754623787045 0.6790637270777159 3
1754623787201 0.6963011711364634 4
1754623787255 0.6427667497148761 5
1754623787291 0.7568239066630845 6
1754623787344 0.6921012288980761 7
1754623787387 0.6545444361655791 8
1754623787433 0.6685839267060553 9
1754623787458 0.7131441525112704 10
1754623787485 0.7046021172593758 11
1754623787575 0.7299687008783107 12
1754623787679 0.664158829245767 13
1754623787712 0.8048470737848689 14
1754623787796 0.7830477128741151 15
1754623787833 0.6861745639901307 16
1754623787949 0.6857411575650268 17
1754623788028 0.7105976803886774 18
1754623788092 0.7163261358131544 19
1754623788204 0.649351275110954 20
1754623788314 0.7326311163632406 21
1754623788486 0.7617651271611224 22
1754623788509 0.6771120997266535 23
1754623788568 0.6991581654916128 24
1754623788628 0.7222842931242963 25
1754623788657 0.6674387282911332 26
1754623788744 0.7255824267124913 27
1754623788787 0.7678558002367163 28
1754623788888 0.7913101225383915 29
1754623789036 0.6488114206403724 30
1754623789057 0.7057695764451688 31
1754623789070 0.6724622040232946 32
1754623789091 0.6911450901725409 33
1754623789121 0.6583785358551502 34
1754623789172 0.6956234857909236 35
1754623789305 0.6752338549615793 36
1754623789416 0.7269543520380376 37
1754623789486 0.6786282756439606 38
1754623789564 0.7153890589079009 39
1754623789603 0.71108715976194 40
1754623789662 0.6775983249345596 41
1754623789784 0.7127674920145305 42
1754623789832 0.7121745847012042 43
1754623789906 0.7149852889902588 44
1754623789940 0.664333654482631 45
1754623790053 0.718968900806664 46
1754623790157 0.728044750742355 47
1754623790218 0.6870774251918853 48
1754623790372 0.6838732871016354 49
1754623790401 0.6891589013693226 50
1754623790427 0.7372462900820146 51
1754623790510 0.7217358931263407 52
1754623790544 0.6648884659422452 53
1754623790562 0.7386869427246258 54
1754623790598 0.6997373159996598 55
1754623790683 0.656244031739002 56
1754623791040 0.7113016654164067 57
1754623791105 0.6854229028468584 58
1754623791137 0.6260301789551026 59
1754623791268 0.7030839409059715 60
1754623791292 0.692208865606042 61
1754623791571 0.6941502470028882 62
1754623791736 0.6890017082856008 63
1754623791761 0.7109959291422056 64
1754623791797 0.6906130202449509 65
1754623791939 0.691577102146916 66
1754623791973 0.7006907769908681 67
1754623792030 0.7159566386512196 68
1754623792041 0.7626694891508248 69
1754623792104 0.6534177842730974 70
1754623792215 0.6953574737132537 71
1754623792243 0.6768009968128268 72
1754623792320 0.7508161011027885 73
1754623792409 0.621263617181061 74
1754623792470 0.6202928900926408 75
1754623792499 0.7003430275249356 76
1754623792596 0.7384843305849972 77
1754623792628 0.6584926068191944 78
1754623792774 0.7125001921227427 79
1754623792799 0.7016975384150063 80
1754623792944 0.6477699051532614 81
1754623793009 0.7085980309171586 82
1754623793055 0.6673956123438279 83
1754623793277 0.6956260513406501 84
1754623793309 0.6874026482712229 85
1754623793414 0.7202533159813911 86
1754623793428 0.7337303362366642 87
1754623793580 0.6901794689393622 88
1754623793634 0.692319549077356 89
1754623793669 0.7447175701237022 90
1754623793746 0.6799366179257746 91
1754623793782 0.6487700588799044 92
1754623793873 0.7394633654298396 93
1754623793884 0.673430758340543 94
1754623793902 0.6752956664131142 95
1754623794090 0.6603919069444648 96
1754623794107 0.7707346345248214 97
1754623794169 0.7126877312723094 98
1754623794189 0.6482514545547694 99
