1754618625936 0.11427692349301781 0
1754618626000 0.10470234726030023 1
1754618626019 0.11134819594966343 2
1754618626196 0.10051805084314931 3
1754618626280 0.0995427477170214 4
1754618626450 0.10428437792351553 5
1754618626629 0.09332032486994342 6
1754618626646 0.11035423118195857 7
1754618626672 0.12391185708011809 8
1754618626733 0.1066696859613614 9
1754618626750 0.12476838778187782 10
1754618626879 0.10910624905287043 11
1754618626901 0.11198445988566877 12
1754618626926 0.13187483947458012 13
1754618627002 0.10673126546700093 14
1754618627048 0.1176866389213933 15
1754618627077 0.1089751367101011 16
1754618627254 0.08011983083692556 17
1754618627383 0.10136857454442152 18
1754618627405 0.11310558863531173 19
1754618627508 0.11104369224566324 20
1754618627539 0.11032284726224391 21
1754618627696 0.09843132901331604 22
1754618627741 0.11143876687195697 23
1754618627862 0.10408296114275355 24
1754618627969 0.12006954069753117 25
1754618628098 0.09992714164588637 26
1754618628226 0.11944626113076424 27
1754618628292 0.09484546203231614 28
1754618628310 0.12647563082719832 29
1754618628400 0.1016102858037995 30
1754618628530 0.09585961491643148 31
1754618628581 0.10044759580141763 32
1754618628722 0.09855045306252527 33
1754618628882 0.08973149384444684 34
1754618629023 0.0876051812059668 35
1754618629177 0.10028953404079319 36
1754618629280 0.10158403398668536 37
1754618629303 0.1210041333847472 38
1754618629370 0.10034910669535638 39
1754618629504 0.10681128158017632 40
1754618629646 0.10098398385905454 41
1754618629695 0.101451178844098 42
1754618629728 0.10554560937241542 43
1754618629855 0.09432513369419424 44
1754618629989 0.09979040335926453 45
1754618630124 0.11618343564708995 46
1754618630179 0.09963558567876854 47
1754618630229 0.10499583482560677 48
1754618630270 0.13001202699704345 49
1754618630312 0.12876925805613848 50
1754618630452 0.08085423503739604 51
1754618630568 0.0910771110913982 52
1754618630627 0.10013774078374231 53
1754618630638 0.1086049729162368 54
1754618630660 0.11925578837091395 55
1754618630676 0.1174320757153439 56
1754618630757 0.11175080712033233 57
1754618630923 0.08696524620454368 58
1754618631096 0.08379203713324769 59
1754618631115 0.12315569843838554 60
1754618631160 0.11340559869234809 61
1754618631230 0.10148194945291844 62
1754618631280 0.11759605688219195 63
1754618631381 0.10476093839620845 64
1754618631545 0.08178906375781762 65
1754618631699 0.09572104419427603 66
1754618631786 0.098918791931468 67
1754618631938 0.09209357674033847 68
1754618632087 0.09296096497778965 69
1754618632240 0.11156564320039808 70
1754618632402 0.09607223873570739 71
1754618632438 0.10649070498997167 72
1754618632600 0.09883607712046254 73
1754618632655 0.10269031398874928 74
1754618632779 0.09951120369700683 75
1754618632790 0.1044307193738477 76
1754618632837 0.11619288620124561 77
1754618632884 0.11345451165417822 78
1754618632938 0.11420181808666625 79
