1754618625936 0.06903308823985062 0
1754618626000 0.08865407062227999 1
1754618626019 0.07583061945532321 2
1754618626196 0.046738165182243954 3
1754618626280 0.06106247417123386 4
1754618626450 0.051338416736867995 5
1754618626629 0.04783423411036038 6
1754618626646 0.08942310667138417 7
1754618626672 0.07873589993271354 8
1754618626733 0.07501363053770256 9
1754618626750 0.09259616540377162 10
1754618626879 0.06108479126806121 11
1754618626901 0.08374619569027165 12
1754618626926 0.07709777340724058 13
1754618627002 0.062123598677643624 14
1754618627048 0.07929516824483651 15
1754618627077 0.057320219547028574 16
1754618627254 0.04697035701045353 17
1754618627383 0.05320539534437615 18
1754618627405 0.07598472850572427 19
1754618627508 0.05192437659035136 20
1754618627539 0.07962618055740282 21
1754618627696 0.05093270502528987 22
1754618627741 0.08677756009639123 23
1754618627862 0.055622760860929286 24
1754618627969 0.06041407538296208 25
1754618628098 0.05612365451600989 26
1754618628226 0.04917261888931115 27
1754618628292 0.05524402951823267 28
1754618628310 0.07775721494064933 29
1754618628400 0.05154798958548364 30
1754618628530 0.05522410837787047 31
1754618628581 0.06264906024472103 32
1754618628722 0.053232233704210395 33
1754618628882 0.05052560975590452 34
1754618629023 0.051793078565011905 35
1754618629177 0.05364986528633442 36
1754618629280 0.05183983269999478 37
1754618629303 0.07254908193832607 38
1754618629370 0.04690908337071281 39
1754618629504 0.06760048431540415 40
1754618629646 0.045408772053445415 41
1754618629695 0.06543121508366222 42
1754618629728 0.0849037623101144 43
1754618629855 0.05904573217926099 44
1754618629989 0.05000801698918096 45
1754618630124 0.03926910861902791 46
1754618630179 0.07380485941653847 47
1754618630229 0.06039222064362103 48
1754618630270 0.08237321403856497 49
1754618630312 0.07393564460340342 50
1754618630452 0.05845912216447398 51
1754618630568 0.05142236959953822 52
1754618630627 0.06548337357888509 53
1754618630638 0.10416326614883176 54
1754618630660 0.07853771755610703 55
1754618630676 0.09772229356708141 56
1754618630757 0.0663176174509574 57
1754618630923 0.04972563053813091 58
1754618631096 0.0345391261504221 59
1754618631115 0.09059073208965449 60
1754618631160 0.0668322938585774 61
1754618631230 0.05718564414363671 62
1754618631280 0.058957838449878494 63
1754618631381 0.04953888080488378 64
1754618631545 0.04632566425978154 65
1754618631699 0.04807155107127412 66
1754618631786 0.052566426865566084 67
1754618631938 0.04729245578876354 68
1754618632087 0.044917131966418646 69
1754618632240 0.0503208483064976 70
1754618632402 0.04411674708067057 71
1754618632438 0.08603647578660542 72
1754618632600 0.05500299360060719 73
1754618632655 0.07044355194715256 74
1754618632779 0.04306861052112388 75
1754618632790 0.10559347065437823 76
1754618632837 0.05889323422292057 77
1754618632884 0.06592522795023541 78
1754618632938 0.06824268233720146 79
