1754618625936 0.10040036212913481 0
1754618626000 0.10096487362218749 1
1754618626019 0.07519018886597788 2
1754618626196 0.0841920967279572 3
1754618626280 0.1142218626266482 4
1754618626450 0.06786751983370998 5
1754618626629 0.16387452916631542 6
1754618626646 0.08435102065580136 7
1754618626672 0.07561915382694391 8
1754618626733 0.14826156461515366 9
1754618626750 0.06817783420980117 10
1754618626879 0.12459473041835203 11
1754618626901 0.0762957246787586 12
1754618626926 0.17897923011385294 13
1754618627002 0.14473150553306713 14
1754618627048 0.09189057424610372 15
1754618627077 0.11239270839727382 16
1754618627254 0.050641421642331964 17
1754618627383 0.07430905116464714 18
1754618627405 0.094246881253334 19
1754618627508 0.13034768577609607 20
1754618627539 0.09909535070878625 21
1754618627696 0.11567553036267686 22
1754618627741 0.08899810936555212 23
1754618627862 0.19773041286868498 24
1754618627969 0.13420796697523177 25
1754618628098 0.17422033286015814 26
1754618628226 0.11988262760854447 27
1754618628292 0.1257672367065908 28
1754618628310 0.14481866064244694 29
1754618628400 0.16589021642462126 30
1754618628530 0.1303527218677562 31
1754618628581 0.09161549487720713 32
1754618628722 0.06441692868834484 33
1754618628882 0.08132174574208531 34
1754618629023 0.16940453880421646 35
1754618629177 0.09233938126264522 36
1754618629280 0.10420641492032896 37
1754618629303 0.08117412151262968 38
1754618629370 0.06835527516584357 39
1754618629504 0.0702247238166592 40
1754618629646 0.16143045522739144 41
1754618629695 0.11507130256161027 42
1754618629728 0.05978116913133942 43
1754618629855 0.14298703444291583 44
1754618629989 0.07716272060642418 45
1754618630124 0.1780125979845227 46
1754618630179 0.10140396514056604 47
1754618630229 0.06488631916352752 48
1754618630270 0.10604330918488643 49
1754618630312 0.09928173037219264 50
1754618630452 0.1099284100179693 51
1754618630568 0.09546433197158652 52
1754618630627 0.09199144047154402 53
1754618630638 0.12661364209821588 54
1754618630660 0.09436134554043037 55
1754618630676 0.2111790762899764 56
1754618630757 0.10809299758992719 57
1754618630923 0.07677720180171636 58
1754618631096 0.08353484778714755 59
1754618631115 0.15470036048167338 60
1754618631160 0.045935954771386456 61
1754618631230 0.11380572721869893 62
1754618631280 0.20455797439095277 63
1754618631381 0.11428623343755326 64
1754618631545 0.17232406930574964 65
1754618631699 0.16678009792707033 66
1754618631786 0.09877347831118097 67
1754618631938 0.15775507325485555 68
1754618632087 0.12291778948948355 69
1754618632240 0.07532241743612982 70
1754618632402 0.13335248424541515 71
1754618632438 0.1540958297897113 72
1754618632600 0.09353916532330135 73
1754618632655 0.12189382751567557 74
1754618632779 0.0857810946261159 75
1754618632790 0.08505472525196467 76
1754618632837 0.16680876286540336 77
1754618632884 0.10305089991977212 78
1754618632938 0.1402220987697113 79
