1754618625936 -0.7576507885426131 0
1754618626000 -0.9541823166692656 1
1754618626019 -0.09542965516614933 2
1754618626196 -1.9439931893733862 3
1754618626280 -1.0709896582880045 4
1754618626450 -1.9257601569746674 5
1754618626629 -1.9465031308543772 6
1754618626646 -0.17576073950844617 7
1754618626672 -0.2863666842322638 8
1754618626733 -0.45738326616809705 9
1754618626750 -0.16501946158031958 10
1754618626879 -1.9462687687874085 11
1754618626901 -0.28731877268987027 12
1754618626926 -0.20492853530824903 13
1754618627002 -0.8309576358262761 14
1754618627048 -0.7763055208645012 15
1754618627077 -0.3085603011687116 16
1754618627254 -1.9288316926462248 17
1754618627383 -1.9365179082538717 18
1754618627405 -0.1639347130181037 19
1754618627508 -1.416305978705188 20
1754618627539 -0.3852037394095758 21
1754618627696 -1.9397227459634216 22
1754618627741 -0.6661479264275861 23
1754618627862 -1.3579363584974258 24
1754618627969 -1.5005313425121243 25
1754618628098 -1.9448395466803854 26
1754618628226 -1.9080092652004874 27
1754618628292 -0.8375208814084518 28
1754618628310 -0.17817331254499286 29
1754618628400 -1.0563598212877503 30
1754618628530 -1.9352036597353452 31
1754618628581 -0.73552226091811 32
1754618628722 -1.6820285620431106 33
1754618628882 -1.9297734344241164 34
1754618629023 -1.7323088201051828 35
1754618629177 -1.942718931788765 36
1754618629280 -1.3736541723618299 37
1754618629303 -0.2524598826273735 38
1754618629370 -0.8701059326085092 39
1754618629504 -1.9289487739475093 40
1754618629646 -1.939779287144184 41
1754618629695 -0.6845243388434699 42
1754618629728 -0.5440532695883286 43
1754618629855 -1.4953431523431011 44
1754618629989 -1.8507400168431973 45
1754618630124 -1.949535082407635 46
1754618630179 -0.9340688250180441 47
1754618630229 -0.6517088707484417 48
1754618630270 -0.5712484354228752 49
1754618630312 -0.572486275622566 50
1754618630452 -1.9452070826885381 51
1754618630568 -1.518243957671791 52
1754618630627 -0.7726770692957865 53
1754618630638 -0.09 54
1754618630660 -0.1999244306531103 55
1754618630676 -0.13275756475825137 56
1754618630757 -1.0792239021170744 57
1754618630923 -1.931645296593598 58
1754618631096 -1.9412428686981278 59
1754618631115 -0.2064439781104352 60
1754618631160 -0.4757922133166103 61
1754618631230 -0.9230224216480905 62
1754618631280 -0.660257803768015 63
1754618631381 -0.8173837913894741 64
1754618631545 -1.9456765835713477 65
1754618631699 -1.9451566067349741 66
1754618631786 -1.2632399690088711 67
1754618631938 -1.940837735406701 68
1754618632087 -1.9472859925320827 69
1754618632240 -1.9434849599740593 70
1754618632402 -1.9394155833769058 71
1754618632438 -0.46568144094064684 72
1754618632600 -1.9319238082905652 73
1754618632655 -0.8258934854167661 74
1754618632779 -1.6112491691209079 75
1754618632790 -0.07 76
1754618632837 -0.488550820475858 77
1754618632884 -0.5389872343334384 78
1754618632938 -0.6945455791604512 79
