1754618625936 78.0 0
1754618626000 97.0 1
1754618626019 12.0 2
1754618626196 200.0 3
1754618626280 113.0 4
1754618626450 200.0 5
1754618626629 200.0 6
1754618626646 19.0 7
1754618626672 32.0 8
1754618626733 49.0 9
1754618626750 19.0 10
1754618626879 200.0 11
1754618626901 30.0 12
1754618626926 24.0 13
1754618627002 89.0 14
1754618627048 81.0 15
1754618627077 35.0 16
1754618627254 200.0 17
1754618627383 200.0 18
1754618627405 19.0 19
1754618627508 147.0 20
1754618627539 41.0 21
1754618627696 200.0 22
1754618627741 70.0 23
1754618627862 141.0 24
1754618627969 156.0 25
1754618628098 200.0 26
1754618628226 196.0 27
1754618628292 89.0 28
1754618628310 19.0 29
1754618628400 111.0 30
1754618628530 200.0 31
1754618628581 79.0 32
1754618628722 174.0 33
1754618628882 200.0 34
1754618629023 180.0 35
1754618629177 200.0 36
1754618629280 143.0 37
1754618629303 28.0 38
1754618629370 92.0 39
1754618629504 200.0 40
1754618629646 200.0 41
1754618629695 73.0 42
1754618629728 56.0 43
1754618629855 156.0 44
1754618629989 191.0 45
1754618630124 200.0 46
1754618630179 97.0 47
1754618630229 70.0 48
1754618630270 60.0 49
1754618630312 60.0 50
1754618630452 200.0 51
1754618630568 157.0 52
1754618630627 83.0 53
1754618630638 9.0 54
1754618630660 22.0 55
1754618630676 15.0 56
1754618630757 113.0 57
1754618630923 200.0 58
1754618631096 200.0 59
1754618631115 22.0 60
1754618631160 52.0 61
1754618631230 97.0 62
1754618631280 70.0 63
1754618631381 87.0 64
1754618631545 200.0 65
1754618631699 200.0 66
1754618631786 131.0 67
1754618631938 200.0 68
1754618632087 200.0 69
1754618632240 200.0 70
1754618632402 200.0 71
1754618632438 48.0 72
1754618632600 200.0 73
1754618632655 86.0 74
1754618632779 167.0 75
1754618632790 7.0 76
1754618632837 53.0 77
1754618632884 57.0 78
1754618632938 74.0 79
