1754618625936 0.7002353721722405 0
1754618626000 0.7114600410802072 1
1754618626019 0.6780448422364479 2
1754618626196 0.6907982742007657 3
1754618626280 0.6404055289164008 4
1754618626450 0.760390821206985 5
1754618626629 0.699123771582164 6
1754618626646 0.6535672185963886 7
1754618626672 0.6680284316353696 8
1754618626733 0.714603397763067 9
1754618626750 0.7029313693931214 10
1754618626879 0.7273996184877841 11
1754618626901 0.664334712553874 12
1754618626926 0.8050993950034439 13
1754618627002 0.7806783158005632 14
1754618627048 0.6824352007032919 15
1754618627077 0.6808518880632957 16
1754618627254 0.712524132726521 17
1754618627383 0.7200331747978744 18
1754618627405 0.647639550508487 19
1754618627508 0.734890740797594 20
1754618627539 0.7495989345592197 21
1754618627696 0.6780359474621875 22
1754618627741 0.6976569114089989 23
1754618627862 0.7249295527430648 24
1754618627969 0.6718824582176087 25
1754618628098 0.7239405216880225 26
1754618628226 0.7702327300631432 27
1754618628292 0.7827791250996503 28
1754618628310 0.6427980148865876 29
1754618628400 0.7090366749773951 30
1754618628530 0.6744916998472893 31
1754618628581 0.6914721952911727 32
1754618628722 0.6607941900975542 33
1754618628882 0.6959017526112132 34
1754618629023 0.6776541029433507 35
1754618629177 0.7372909748876479 36
1754618629280 0.6781431803042131 37
1754618629303 0.7125928759862478 38
1754618629370 0.7112433212805425 39
1754618629504 0.6876768030579578 40
1754618629646 0.7153538824540446 41
1754618629695 0.711953978165473 42
1754618629728 0.7149896893617909 43
1754618629855 0.6678140519020764 44
1754618629989 0.7104161427149318 45
1754618630124 0.7234984200113673 46
1754618630179 0.6891042586673499 47
1754618630229 0.6767042092788091 48
1754618630270 0.6919572558568714 49
1754618630312 0.7363980087287185 50
1754618630452 0.7199218168985083 51
1754618630568 0.6656892330529528 52
1754618630627 0.7425617896403545 53
1754618630638 0.6989612115947632 54
1754618630660 0.6554740724346017 55
1754618630676 0.7083371513707176 56
1754618630757 0.6885090119814719 57
1754618630923 0.6282851122193741 58
1754618631096 0.70565782356702 59
1754618631115 0.6931277370442748 60
1754618631160 0.6870025366670865 61
1754618631230 0.6881145635774008 62
1754618631280 0.7101895743131946 63
1754618631381 0.6895178599404959 64
1754618631545 0.6930959468121112 65
1754618631699 0.7029136823326082 66
1754618631786 0.7154584276340439 67
1754618631938 0.7730201104308122 68
1754618632087 0.6525858613780211 69
1754618632240 0.6913316553703934 70
1754618632402 0.6803981568663808 71
1754618632438 0.7501288681470555 72
1754618632600 0.6227179703537613 73
1754618632655 0.6250383722606827 74
1754618632779 0.701120468184129 75
1754618632790 0.7324778200120534 76
1754618632837 0.656487011123988 77
1754618632884 0.7071409549911898 78
1754618632938 0.7022779493058107 79
