1754618592874 0.08557446045229848 0
1754618592924 0.09733230468723053 1
1754618592983 0.12496324804023876 2
1754618593016 0.11186089377640487 3
1754618593058 0.1149315258714417 4
1754618593085 0.10538824938938456 5
1754618593110 0.11136881635530708 6
1754618593168 0.1110484238827393 7
1754618593256 0.09975324741309341 8
1754618593281 0.12068398670645539 9
1754618593336 0.10622024292852825 10
1754618593495 0.10158056764900636 11
1754618593532 0.12391185708011809 12
1754618593550 0.10770496103620886 13
1754618593582 0.12329643146470481 14
1754618593708 0.11033206863919394 15
1754618593725 0.10842854406643272 16
1754618593742 0.1336586039594895 17
1754618593787 0.11251011926067504 18
1754618593922 0.11095357952474705 19
1754618593949 0.10983441668519985 20
1754618594128 0.08053415875199128 21
1754618594168 0.10722126923139208 22
1754618594277 0.09883798751153594 23
1754618594296 0.1205700126873726 24
1754618594312 0.11404147449645693 25
1754618594331 0.12394528965106119 26
1754618594350 0.11133306139783894 27
1754618594384 0.1066651666222084 28
1754618594407 0.12939182387073683 29
1754618594454 0.1101937703063505 30
1754618594579 0.12180996727655513 31
1754618594727 0.0879144166803838 32
1754618594758 0.12452189226809014 33
1754618594799 0.10795075432927952 34
1754618594838 0.10347288903974794 35
1754618594860 0.10401890433957328 36
1754618594871 0.11470842619129551 37
1754618594936 0.0968644909986858 38
1754618595095 0.08453327852396458 39
1754618595117 0.11003909927108117 40
1754618595140 0.10778610328652374 41
1754618595224 0.11845510949760958 42
1754618595262 0.10421563025808825 43
1754618595572 0.11122194777311926 44
1754618596163 0.10335296863001722 45
1754618596420 0.09647301945771698 46
1754618596603 0.10173935184478848 47
1754618596624 0.11034466161092601 48
1754618596670 0.11088739735193417 49
1754618596689 0.1328206386633834 50
1754618596796 0.09415297545770102 51
1754618596841 0.1066563324694495 52
1754618596886 0.1278230508998043 53
1754618596922 0.12730611221596505 54
1754618597072 0.0798775667469713 55
1754618597159 0.09738590300758862 56
1754618597179 0.10398556409296453 57
1754618597207 0.10621332308748314 58
1754618597227 0.11925578837091395 59
1754618597240 0.11708543098353479 60
1754618597401 0.09529478294230484 61
1754618597562 0.08936283283329347 62
1754618597745 0.07928432080935244 63
1754618597776 0.12169838152619084 64
1754618597808 0.11808023038787152 65
1754618597934 0.0986137190024132 66
1754618597966 0.11918522780727794 67
1754618598123 0.0927802335658607 68
1754618598138 0.1040590350318592 69
1754618598279 0.09924496273806904 70
1754618598327 0.1025150166112568 71
1754618598418 0.10169324338205414 72
1754618598488 0.1053760466382327 73
1754618598592 0.1169570332738604 74
1754618598755 0.09400800089747782 75
1754618598772 0.10649070498997167 76
1754618598925 0.10077956289258919 77
1754618599048 0.09546335205182234 78
1754618599096 0.108092327358568 79
