1754618592874 0.05252597605031219 0
1754618592924 0.0579592882013207 1
1754618592983 0.057922377429787474 2
1754618593016 0.0698278240154371 3
1754618593058 0.06032694176144522 4
1754618593085 0.07467469731038837 5
1754618593110 0.08016119014399861 6
1754618593168 0.06560090387887123 7
1754618593256 0.061648922463618604 8
1754618593281 0.08474654254920226 9
1754618593336 0.06793358185261508 10
1754618593495 0.05199884372263534 11
1754618593532 0.07873589993271354 12
1754618593550 0.09021981487213239 13
1754618593582 0.06610356850373877 14
1754618593708 0.0614008039584632 15
1754618593725 0.0854499614540832 16
1754618593742 0.0953046838686549 17
1754618593787 0.0793543017585273 18
1754618593922 0.05408408900964805 19
1754618593949 0.06924687336125715 20
1754618594128 0.04671537157560573 21
1754618594168 0.08294575760514605 22
1754618594277 0.05065341268773419 23
1754618594296 0.09106344599855246 24
1754618594312 0.09040993424107843 25
1754618594331 0.09405495709970338 26
1754618594350 0.09906568902709338 27
1754618594384 0.05997164413789521 28
1754618594407 0.08592641661904407 29
1754618594454 0.07320687362994298 30
1754618594579 0.05131982671059525 31
1754618594727 0.04639623496960056 32
1754618594758 0.050262480512575036 33
1754618594799 0.06177645142673664 34
1754618594838 0.09488677248854929 35
1754618594860 0.10081784570326557 36
1754618594871 0.11307551697217325 37
1754618594936 0.05956725063290587 38
1754618595095 0.05037521504466885 39
1754618595117 0.07931358679839924 40
1754618595140 0.07628862426249598 41
1754618595224 0.050537105736326304 42
1754618595262 0.06558432140824497 43
1754618595572 0.06912115586370238 44
1754618596163 0.04639434267420454 45
1754618596420 0.05774421540085465 46
1754618596603 0.04468612869715718 47
1754618596624 0.10353721154368337 48
1754618596670 0.059529144138194365 49
1754618596689 0.07870762236154773 50
1754618596796 0.05230737368448159 51
1754618596841 0.06022664053440352 52
1754618596886 0.0672537360648058 53
1754618596922 0.07429906110696494 54
1754618597072 0.05745732303323364 55
1754618597159 0.057127534066646966 56
1754618597179 0.10061717799457977 57
1754618597207 0.07371627728880163 58
1754618597227 0.07853771755610703 59
1754618597240 0.11491616158735789 60
1754618597401 0.05821672588152012 61
1754618597562 0.049507924965731406 62
1754618597745 0.033275245643536476 63
1754618597776 0.07741467837007854 64
1754618597808 0.0964199949146812 65
1754618597934 0.05095485046674129 66
1754618597966 0.07241077904469366 67
1754618598123 0.042345846545300145 68
1754618598138 0.09249950860351996 69
1754618598279 0.05075879812796972 70
1754618598327 0.05383598080620198 71
1754618598418 0.05297680993443756 72
1754618598488 0.05225197265113997 73
1754618598592 0.053178940912017005 74
1754618598755 0.044451982722779726 75
1754618598772 0.08603647578660542 76
1754618598925 0.055449002893606415 77
1754618599048 0.06207566377770886 78
1754618599096 0.050487414671674224 79
