1754618592874 0.11817564629222055 0
1754618592924 0.1323284014459471 1
1754618592983 0.07775513079609979 2
1754618593016 0.0396676793294299 3
1754618593058 0.09842851048380527 4
1754618593085 0.09131212513236484 5
1754618593110 0.0753031894967453 6
1754618593168 0.08140037276823495 7
1754618593256 0.11562190021778278 8
1754618593281 0.06522255929330249 9
1754618593336 0.1587837824220312 10
1754618593495 0.0844996783764957 11
1754618593532 0.07531045460336916 12
1754618593550 0.14997643480605446 13
1754618593582 0.06828765335977138 14
1754618593708 0.12249403002392949 15
1754618593725 0.07348747263551533 16
1754618593742 0.18070901814647494 17
1754618593787 0.1466429636357999 18
1754618593922 0.09364597669224413 19
1754618593949 0.1122056526838053 20
1754618594128 0.05306438522460244 21
1754618594168 0.07697951205010227 22
1754618594277 0.08178866646195856 23
1754618594296 0.12658060970666227 24
1754618594312 0.09496107797150977 25
1754618594331 0.11324126619246311 26
1754618594350 0.09149967591374537 27
1754618594384 0.200271536513052 28
1754618594407 0.1377774267614118 29
1754618594454 0.17353849834516327 30
1754618594579 0.12051137060649939 31
1754618594727 0.12112438792269789 32
1754618594758 0.14500068870337657 33
1754618594799 0.16953513144994742 34
1754618594838 0.12258861449405903 35
1754618594860 0.08909641838193974 36
1754618594871 0.061209870273967584 37
1754618594936 0.08333794351176334 38
1754618595095 0.17127480357960892 39
1754618595117 0.07210314833892043 40
1754618595140 0.10572528189281698 41
1754618595224 0.07503940002800924 42
1754618595262 0.0671229301266191 43
1754618595572 0.063793424252545 44
1754618596163 0.1633389754368501 45
1754618596420 0.11927546062977382 46
1754618596603 0.06493603073194584 47
1754618596624 0.14897486832260648 48
1754618596670 0.07564282520764572 49
1754618596689 0.17804279218992 50
1754618596796 0.09979145850920049 51
1754618596841 0.06917024626364957 52
1754618596886 0.10577926916097162 53
1754618596922 0.10100384010247634 54
1754618597072 0.11195877510929649 55
1754618597159 0.09941785406698109 56
1754618597179 0.09354348531372506 57
1754618597207 0.13010695943869202 58
1754618597227 0.0933875850594795 59
1754618597240 0.2111655935750676 60
1754618597401 0.1090777006928679 61
1754618597562 0.07672342789451606 62
1754618597745 0.08124978281747115 63
1754618597776 0.1544562694052381 64
1754618597808 0.04647408044818082 65
1754618597934 0.11469328413536246 66
1754618597966 0.2076830097185484 67
1754618598123 0.1135852308878901 68
1754618598138 0.1618142818638196 69
1754618598279 0.16703108235875277 70
1754618598327 0.09851203649381865 71
1754618598418 0.1536753156691976 72
1754618598488 0.12149064126325922 73
1754618598592 0.07606974310417573 74
1754618598755 0.1328196423315678 75
1754618598772 0.15424463722873263 76
1754618598925 0.09476862840513647 77
1754618599048 0.12274260534085837 78
1754618599096 0.08910113907041009 79
