1754618592874 -1.841684180610582 0
1754618592924 -0.5397968055044751 1
1754618592983 -0.6280814945544658 2
1754618593016 -0.42988729746508886 3
1754618593058 -0.5575522575717518 4
1754618593085 -0.3089031823123895 5
1754618593110 -0.2880196910113588 6
1754618593168 -0.6314981759969132 7
1754618593256 -1.112149344279743 8
1754618593281 -0.2145858717102281 9
1754618593336 -0.6775750868628677 10
1754618593495 -1.7185347695266957 11
1754618593532 -0.266535241110497 12
1754618593550 -0.17443717115599755 13
1754618593582 -0.21828796954867752 14
1754618593708 -1.9440345972130635 15
1754618593725 -0.11721620218754775 16
1754618593742 -0.1344808959497449 17
1754618593787 -0.34898546593482455 18
1754618593922 -1.9403208755349728 19
1754618593949 -0.26024773082126507 20
1754618594128 -1.9314893020997284 21
1754618594168 -0.5812106890948009 22
1754618594277 -1.4255048938894768 23
1754618594296 -0.12674155053590225 24
1754618594312 -0.14608976967277393 25
1754618594331 -0.20358366449268175 26
1754618594350 -0.2012220454114196 27
1754618594384 -0.34871920309580934 28
1754618594407 -0.22237556004369646 29
1754618594454 -0.7322428788607818 30
1754618594579 -1.952317367313951 31
1754618594727 -1.925376498751384 32
1754618594758 -0.21126213986489945 33
1754618594799 -0.5003826949564776 34
1754618594838 -0.6617695317711261 35
1754618594860 -0.2928059229681531 36
1754618594871 -0.09999999999999999 37
1754618594936 -0.6514733648173877 38
1754618595095 -1.9310265786770295 39
1754618595117 -0.19371511396123647 40
1754618595140 -0.21019233957840458 41
1754618595224 -1.1570411778876324 42
1754618595262 -0.4980318499189659 43
1754618595572 -1.9295967782359165 44
1754618596163 -1.943043279007212 45
1754618596420 -1.0553013189737435 46
1754618596603 -1.2969586031518767 47
1754618596624 -0.2565190334955966 48
1754618596670 -0.5810852821071585 49
1754618596689 -0.19743965928066787 50
1754618596796 -1.5020532954252137 51
1754618596841 -0.536932610545897 52
1754618596886 -0.5863783318393132 53
1754618596922 -0.41384005205605123 54
1754618597072 -1.946639508925891 55
1754618597159 -1.3347792514582641 56
1754618597179 -0.22227443825495155 57
1754618597207 -0.280156341080243 58
1754618597227 -0.14971817026655584 59
1754618597240 -0.13012322383963892 60
1754618597401 -1.9430040707893421 61
1754618597562 -1.930198518637758 62
1754618597745 -1.9403476116104814 63
1754618597776 -0.35272061378206454 64
1754618597808 -0.38521725199559753 65
1754618597934 -1.944682325870921 66
1754618597966 -0.3137209315121481 67
1754618598123 -1.9378799848768515 68
1754618598138 -0.08739710976140476 69
1754618598279 -1.948152515473802 70
1754618598327 -0.5039338292055517 71
1754618598418 -1.1809834004567 72
1754618598488 -0.9845069073680204 73
1754618598592 -1.4070681465516375 74
1754618598755 -1.7703964684163516 75
1754618598772 -0.1263616720378652 76
1754618598925 -1.9332921303223167 77
1754618599048 -1.6684340456693991 78
1754618599096 -0.5018630855816839 79
