1754618592874 191.0 0
1754618592924 59.0 1
1754618592983 68.0 2
1754618593016 46.0 3
1754618593058 59.0 4
1754618593085 34.0 5
1754618593110 31.0 6
1754618593168 67.0 7
1754618593256 117.0 8
1754618593281 25.0 9
1754618593336 71.0 10
1754618593495 177.0 11
1754618593532 30.0 12
1754618593550 19.0 13
1754618593582 27.0 14
1754618593708 200.0 15
1754618593725 13.0 16
1754618593742 15.0 17
1754618593787 39.0 18
1754618593922 200.0 19
1754618593949 29.0 20
1754618594128 200.0 21
1754618594168 61.0 22
1754618594277 149.0 23
1754618594296 14.0 24
1754618594312 16.0 25
1754618594331 22.0 26
1754618594350 22.0 27
1754618594384 39.0 28
1754618594407 25.0 29
1754618594454 77.0 30
1754618594579 200.0 31
1754618594727 200.0 32
1754618594758 25.0 33
1754618594799 54.0 34
1754618594838 69.0 35
1754618594860 31.0 36
1754618594871 10.0 37
1754618594936 71.0 38
1754618595095 200.0 39
1754618595117 22.0 40
1754618595140 24.0 41
1754618595224 121.0 42
1754618595262 53.0 43
1754618595572 200.0 44
1754618596163 200.0 45
1754618596420 111.0 46
1754618596603 135.0 47
1754618596624 27.0 48
1754618596670 63.0 49
1754618596689 21.0 50
1754618596796 156.0 51
1754618596841 58.0 52
1754618596886 63.0 53
1754618596922 44.0 54
1754618597072 200.0 55
1754618597159 138.0 56
1754618597179 24.0 57
1754618597207 31.0 58
1754618597227 17.0 59
1754618597240 13.0 60
1754618597401 200.0 61
1754618597562 200.0 62
1754618597745 200.0 63
1754618597776 38.0 64
1754618597808 40.0 65
1754618597934 200.0 66
1754618597966 34.0 67
1754618598123 200.0 68
1754618598138 10.0 69
1754618598279 200.0 70
1754618598327 55.0 71
1754618598418 123.0 72
1754618598488 103.0 73
1754618598592 146.0 74
1754618598755 183.0 75
1754618598772 14.0 76
1754618598925 200.0 77
1754618599048 171.0 78
1754618599096 55.0 79
