1754618592874 0.7725952856142587 0
1754618592924 0.7140198590963098 1
1754618592983 0.629317662340292 2
1754618593016 0.6705210922362757 3
1754618593058 0.7006418308420316 4
1754618593085 0.7079334278802801 5
1754618593110 0.6798418773952977 6
1754618593168 0.6907601642940042 7
1754618593256 0.6405323100126143 8
1754618593281 0.7536507520135536 9
1754618593336 0.6956057899437856 10
1754618593495 0.6534432544897385 11
1754618593532 0.6677055251453491 12
1754618593550 0.7136131122050465 13
1754618593582 0.7032251740997157 14
1754618593708 0.72889945255532 15
1754618593725 0.6647369227983864 16
1754618593742 0.8046188388396732 17
1754618593787 0.7808369178242646 18
1754618593922 0.6840864680207023 19
1754618593949 0.6809975843682364 20
1754618594128 0.7108230196293045 21
1754618594168 0.7164159866604423 22
1754618594277 0.6545089464234369 23
1754618594296 0.7317107003403636 24
1754618594312 0.7474295216110587 25
1754618594331 0.6760801489222337 26
1754618594350 0.6961217046299639 27
1754618594384 0.7197661532438302 28
1754618594407 0.6673353118152079 29
1754618594454 0.723279491364061 30
1754618594579 0.7683862072699416 31
1754618594727 0.7937542888161397 32
1754618594758 0.6423054671690716 33
1754618594799 0.7070647206625835 34
1754618594838 0.6737064382353372 35
1754618594860 0.6910977804520401 36
1754618594871 0.661062506201438 37
1754618594936 0.6942515619797822 38
1754618595095 0.6784536132388567 39
1754618595117 0.7218403977653784 40
1754618595140 0.6768132381363829 41
1754618595224 0.7129322437816796 42
1754618595262 0.7113764694880053 43
1754618595572 0.6853338205357906 44
1754618596163 0.714029721316505 45
1754618596420 0.7155920773864737 46
1754618596603 0.7144441529855889 47
1754618596624 0.6641235670538477 48
1754618596670 0.708832056900594 49
1754618596689 0.7250474539835519 50
1754618596796 0.6888160492124406 51
1754618596841 0.6734568529221974 52
1754618596886 0.6915758614547167 53
1754618596922 0.7362687036639366 54
1754618597072 0.718502774075579 55
1754618597159 0.666835864781286 56
1754618597179 0.7388742475179744 57
1754618597207 0.7001045403247282 58
1754618597227 0.6551934525806806 59
1754618597240 0.7081586189521522 60
1754618597401 0.6871203032912387 61
1754618597562 0.6294872976492144 62
1754618597745 0.7041466676629422 63
1754618597776 0.6935530021148519 64
1754618597808 0.6874342618826003 65
1754618597934 0.690667644136007 66
1754618597966 0.7117419048276742 67
1754618598123 0.6914781309187035 68
1754618598138 0.6922943712448263 69
1754618598279 0.7027305128663175 70
1754618598327 0.7159034004693179 71
1754618598418 0.7665189207336575 72
1754618598488 0.6519862131136926 73
1754618598592 0.6909802242323579 74
1754618598755 0.6794860865121208 75
1754618598772 0.7495230407693475 76
1754618598925 0.622410389155927 77
1754618599048 0.6245543127511978 78
1754618599096 0.6995853780960501 79
