1754618600691 0.10148419890527002 0
1754618600870 0.10944434341708523 1
1754618600889 0.11301646319249728 2
1754618600994 0.11015060698021761 3
1754618601125 0.09582958512043105 4
1754618601139 0.1122209628607701 5
1754618601284 0.10236363612560606 6
1754618601414 0.09752614454650946 7
1754618601452 0.12083462703015042 8
1754618601621 0.09211595440492266 9
1754618601755 0.10098500805885983 10
1754618601787 0.12382042590604155 11
1754618601924 0.09014777330532457 12
1754618601944 0.12365362563626955 13
1754618601957 0.1223399560824258 14
1754618601986 0.10571432380191437 15
1754618602130 0.11879640432449128 16
1754618602254 0.10040309123828775 17
1754618602384 0.1111758514935836 18
1754618602403 0.11052237298356218 19
1754618602591 0.07720240549630722 20
1754618602610 0.10962223435421103 21
1754618602779 0.08850685453732157 22
1754618602812 0.11969779428154699 23
1754618602921 0.10451049569739002 24
1754618603081 0.10042886664631231 25
1754618603128 0.1092803161488611 26
1754618603164 0.10817299439878511 27
1754618603258 0.12448938790735568 28
1754618603279 0.11131504303510173 29
1754618603415 0.11797144831032343 30
1754618603431 0.09724712660935735 31
1754618603472 0.12331266841006816 32
1754618603637 0.0960155505868385 33
1754618603671 0.10247400916436603 34
1754618603727 0.10151058451704867 35
1754618603884 0.09668275626753406 36
1754618603929 0.09988492293255835 37
1754618604084 0.08637660845614217 38
1754618604219 0.10460106952026808 39
1754618604359 0.09616203168972795 40
1754618604388 0.12077995892511584 41
1754618604449 0.09982248137456429 42
1754618604474 0.1182160315923068 43
1754618604516 0.11273426789601468 44
1754618604643 0.09607381795689254 45
1754618604689 0.10342504299177949 46
1754618604781 0.09813564289328133 47
1754618604841 0.10887985179771624 48
1754618604851 0.13250353901069414 49
1754618604959 0.09747155546849776 50
1754618605032 0.10593110820535252 51
1754618605094 0.1304465750523042 52
1754618605177 0.120275013918887 53
1754618605324 0.08085802841872977 54
1754618605442 0.09276334160577218 55
1754618605474 0.10665847289479591 56
1754618605512 0.10576756149599412 57
1754618605540 0.11839077461829613 58
1754618605558 0.11520481204301107 59
1754618605621 0.11287149377190794 60
1754618605780 0.0884639679938233 61
1754618605952 0.08198331762126644 62
1754618605995 0.12119675659377097 63
1754618606066 0.10832732212028558 64
1754618606207 0.09646263384231586 65
1754618606244 0.11965309184750117 66
1754618606373 0.09964393465933152 67
1754618606419 0.10008618939306749 68
1754618606480 0.1086911530558859 69
1754618606542 0.10174396817775815 70
1754618606698 0.0907296566262885 71
1754618606814 0.09798127122461162 72
1754618606971 0.1059961613947076 73
1754618606996 0.11308767675535451 74
1754618607026 0.10467624213020577 75
1754618607127 0.1056172915039367 76
1754618607152 0.10589579034561869 77
1754618607291 0.09818254361361871 78
1754618607338 0.09986451391805284 79
