1754618600691 0.07338149742115677 0
1754618600870 0.04934633925666846 1
1754618600889 0.0881735013155139 2
1754618600994 0.05265582512044962 3
1754618601125 0.042924149688116364 4
1754618601139 0.08462332285879215 5
1754618601284 0.04743180353272345 6
1754618601414 0.0599668692116367 7
1754618601452 0.08246847778420847 8
1754618601621 0.047076163890279604 9
1754618601755 0.05139142406586884 10
1754618601787 0.07701105562193246 11
1754618601924 0.04923405005385088 12
1754618601944 0.08117831871711076 13
1754618601957 0.11278588879653975 14
1754618601986 0.08192826077968714 15
1754618602130 0.05247161273490335 16
1754618602254 0.059498867473321206 17
1754618602384 0.05398905661105382 18
1754618602403 0.0706789660947561 19
1754618602591 0.04551022364976875 20
1754618602610 0.09687399355890024 21
1754618602779 0.04607430133163487 22
1754618602812 0.07421280246440246 23
1754618602921 0.05923645129208969 24
1754618603081 0.05088257731672278 25
1754618603128 0.06863449979736695 26
1754618603164 0.07621727050366066 27
1754618603258 0.06209259669680769 28
1754618603279 0.09695512980908645 29
1754618603415 0.04877007651691624 30
1754618603431 0.09261821112456922 31
1754618603472 0.04970321769491435 32
1754618603637 0.047694425371993955 33
1754618603671 0.08139504603733741 34
1754618603727 0.06486110113200114 35
1754618603884 0.052399345381193285 36
1754618603929 0.06447491989766516 37
1754618604084 0.05071533092200188 38
1754618604219 0.05650849381255019 39
1754618604359 0.048596878621674826 40
1754618604388 0.07092031843216529 41
1754618604449 0.046840626575273506 42
1754618604474 0.09187044103320452 43
1754618604516 0.057323808388262676 44
1754618604643 0.05646736427512426 45
1754618604689 0.048732339967828484 46
1754618604781 0.06257723683596876 47
1754618604841 0.05589937861517952 48
1754618604851 0.0901366132003701 49
1754618604959 0.054763141675375285 50
1754618605032 0.07080734813923599 51
1754618605094 0.06927787805228713 52
1754618605177 0.05761365534987943 53
1754618605324 0.05756817487671728 54
1754618605442 0.05183859246405129 55
1754618605474 0.11833337719362716 56
1754618605512 0.0728925812471404 57
1754618605540 0.08685863375399681 58
1754618605558 0.10037545276467626 59
1754618605621 0.06827730124312212 60
1754618605780 0.05015786884206587 61
1754618605952 0.03391715861802035 62
1754618605995 0.06498199633890535 63
1754618606066 0.06276737000828544 64
1754618606207 0.04926228990168752 65
1754618606244 0.06080809994357052 66
1754618606373 0.04506276891115112 67
1754618606419 0.059486441761708884 68
1754618606480 0.05622792556715185 69
1754618606542 0.05596470488581451 70
1754618606698 0.04671356144873276 71
1754618606814 0.04747089105386125 72
1754618606971 0.04912549127899349 73
1754618606996 0.08443846496906973 74
1754618607026 0.070202036888657 75
1754618607127 0.05913333654343698 76
1754618607152 0.08795156901984152 77
1754618607291 0.04305822607055775 78
1754618607338 0.06269704234684761 79
