1754618600691 0.1322543346375559 0
1754618600870 0.07836863574121918 1
1754618600889 0.0414478138193072 2
1754618600994 0.09541566383904279 3
1754618601125 0.09658193885658033 4
1754618601139 0.07519018886597788 5
1754618601284 0.08083531374386137 6
1754618601414 0.11266914132394934 7
1754618601452 0.06424788810162933 8
1754618601621 0.16362802059710457 9
1754618601755 0.0828764395309209 10
1754618601787 0.07526946188611952 11
1754618601924 0.1472895991193683 12
1754618601944 0.06814141225236607 13
1754618601957 0.12235300124517892 14
1754618601986 0.0752930488585557 15
1754618602130 0.17917721168165812 16
1754618602254 0.13797635747220216 17
1754618602384 0.0936356398814846 18
1754618602403 0.11163229895868501 19
1754618602591 0.055221875732190104 20
1754618602610 0.07756332784846762 21
1754618602779 0.0852442133034053 22
1754618602812 0.12790369259352197 23
1754618602921 0.10018238736829907 24
1754618603081 0.11958129390468653 25
1754618603128 0.09128559415025261 26
1754618603164 0.19962861296561502 27
1754618603258 0.13188469435081593 28
1754618603279 0.17441242086136927 29
1754618603415 0.12108049049652063 30
1754618603431 0.1252581578457109 31
1754618603472 0.14452785836665516 32
1754618603637 0.16723200278546937 33
1754618603671 0.12781313018471713 34
1754618603727 0.08919469248724905 35
1754618603884 0.0636236971908323 36
1754618603929 0.08340756921132328 37
1754618604084 0.16511844277956111 38
1754618604219 0.08652712792253273 39
1754618604359 0.10625461490090285 40
1754618604388 0.08054550545038612 41
1754618604449 0.06881721320844143 42
1754618604474 0.07339154061588608 43
1754618604516 0.1665820920013381 44
1754618604643 0.12145823136094389 45
1754618604689 0.06145466270371376 46
1754618604781 0.14858977205283494 47
1754618604841 0.07558456873803739 48
1754618604851 0.1776527792154793 49
1754618604959 0.09787461349835577 50
1754618605032 0.06585437148104863 51
1754618605094 0.10422708352547598 52
1754618605177 0.09886425714716225 53
1754618605324 0.11431254773384314 54
1754618605442 0.09588116816581974 55
1754618605474 0.09355355541247742 56
1754618605512 0.13028952614767028 57
1754618605540 0.09653512188282623 58
1754618605558 0.2110140146934482 59
1754618605621 0.10317611298635239 60
1754618605780 0.08073608188924997 61
1754618605952 0.08128753704360303 62
1754618605995 0.15258509899718026 63
1754618606066 0.047355860662664465 64
1754618606207 0.11672748053155235 65
1754618606244 0.20687210259262656 66
1754618606373 0.11577788763044819 67
1754618606419 0.16664649491016875 68
1754618606480 0.16714791925670394 69
1754618606542 0.09856947840502475 70
1754618606698 0.15546069274499671 71
1754618606814 0.12313086351598024 72
1754618606971 0.0772772010853405 73
1754618606996 0.1399210950630307 74
1754618607026 0.15405972849278432 75
1754618607127 0.0946276165601759 76
1754618607152 0.11990404487221991 77
1754618607291 0.08493474903626481 78
1754618607338 0.08465782891270272 79
