1754618600691 -0.3662310045795202 0
1754618600870 -1.943312070609069 1
1754618600889 -0.21084171941755098 2
1754618600994 -1.6665813422818851 3
1754618601125 -1.9417778210138776 4
1754618601139 -0.09422235856961828 5
1754618601284 -1.9440026149475444 6
1754618601414 -1.6089839774976757 7
1754618601452 -0.47046213206910137 8
1754618601621 -1.944710101914081 9
1754618601755 -1.9462769868752599 10
1754618601787 -0.3948320879335116 11
1754618601924 -1.9386123068319379 12
1754618601944 -0.15349369340179092 13
1754618601957 -0.14796985153574627 14
1754618601986 -0.3454288282645353 15
1754618602130 -1.8678627456641106 16
1754618602254 -1.6954263774732972 17
1754618602384 -1.9390971351551687 18
1754618602403 -0.14101100873553069 19
1754618602591 -1.9320862391306786 20
1754618602610 -0.21580502742310556 21
1754618602779 -1.9370588683024668 22
1754618602812 -0.3399462567529454 23
1754618602921 -1.6562960322636613 24
1754618603081 -1.94219130733845 25
1754618603128 -0.5400812935134076 26
1754618603164 -0.6043208516568562 27
1754618603258 -1.240955167482998 28
1754618603279 -0.27753339719018316 29
1754618603415 -1.9498075555896566 30
1754618603431 -0.13509134150842186 31
1754618603472 -0.2996705671807193 32
1754618603637 -1.9353703045359882 33
1754618603671 -0.4228104668953719 34
1754618603727 -0.9088717615947544 35
1754618603884 -1.9386320504987733 36
1754618603929 -0.4370092994140636 37
1754618604084 -1.9309332159957537 38
1754618604219 -1.9479903056820678 39
1754618604359 -1.821800684534123 40
1754618604388 -0.28033921033461484 41
1754618604449 -0.6894719000000702 42
1754618604474 -0.22386194719615934 43
1754618604516 -0.42567683884365404 44
1754618604643 -1.7659727828286866 45
1754618604689 -0.42813510062208304 46
1754618604781 -1.0144136192923217 47
1754618604841 -0.8075720044166373 48
1754618604851 -0.07 49
1754618604959 -1.6530177287302226 50
1754618605032 -1.2731775144272 51
1754618605094 -1.1204175991103205 52
1754618605177 -1.0163890781778948 53
1754618605324 -1.9471555649088457 54
1754618605442 -1.4695245743373484 55
1754618605474 -0.19002196643579758 56
1754618605512 -0.4892203043157221 57
1754618605540 -0.3586461269027818 58
1754618605558 -0.16552479594702404 59
1754618605621 -0.6912780314414738 60
1754618605780 -1.93101354002589 61
1754618605952 -1.9422355778394986 62
1754618605995 -0.6409891147031412 63
1754618606066 -0.6209580625687059 64
1754618606207 -1.942448208456162 65
1754618606244 -0.4523332437630555 66
1754618606373 -1.9440977434679756 67
1754618606419 -0.4976664086538973 68
1754618606480 -0.7175028229661712 69
1754618606542 -0.9368281376759476 70
1754618606698 -1.9426762189340987 71
1754618606814 -1.6500893612033958 72
1754618606971 -1.9448844109846797 73
1754618606996 -0.21763149444832602 74
1754618607026 -0.3096843039223665 75
1754618607127 -1.1453791992687856 76
1754618607152 -0.3014423690152096 77
1754618607291 -1.8098418344630152 78
1754618607338 -0.6066132641123965 79
