1754618600691 40.0 0
1754618600870 200.0 1
1754618600889 22.0 2
1754618600994 171.0 3
1754618601125 200.0 4
1754618601139 11.0 5
1754618601284 200.0 6
1754618601414 167.0 7
1754618601452 51.0 8
1754618601621 200.0 9
1754618601755 200.0 10
1754618601787 43.0 11
1754618601924 200.0 12
1754618601944 19.0 13
1754618601957 15.0 14
1754618601986 36.0 15
1754618602130 193.0 16
1754618602254 176.0 17
1754618602384 200.0 18
1754618602403 17.0 19
1754618602591 200.0 20
1754618602610 23.0 21
1754618602779 200.0 22
1754618602812 37.0 23
1754618602921 170.0 24
1754618603081 200.0 25
1754618603128 59.0 26
1754618603164 63.0 27
1754618603258 130.0 28
1754618603279 29.0 29
1754618603415 200.0 30
1754618603431 15.0 31
1754618603472 34.0 32
1754618603637 200.0 33
1754618603671 46.0 34
1754618603727 96.0 35
1754618603884 200.0 36
1754618603929 49.0 37
1754618604084 200.0 38
1754618604219 200.0 39
1754618604359 188.0 40
1754618604388 31.0 41
1754618604449 74.0 42
1754618604474 26.0 43
1754618604516 47.0 44
1754618604643 182.0 45
1754618604689 48.0 46
1754618604781 107.0 47
1754618604841 86.0 48
1754618604851 7.0 49
1754618604959 171.0 50
1754618605032 131.0 51
1754618605094 116.0 52
1754618605177 106.0 53
1754618605324 200.0 54
1754618605442 152.0 55
1754618605474 19.0 56
1754618605512 52.0 57
1754618605540 37.0 58
1754618605558 18.0 59
1754618605621 74.0 60
1754618605780 200.0 61
1754618605952 200.0 62
1754618605995 68.0 63
1754618606066 67.0 64
1754618606207 200.0 65
1754618606244 49.0 66
1754618606373 200.0 67
1754618606419 54.0 68
1754618606480 76.0 69
1754618606542 98.0 70
1754618606698 200.0 71
1754618606814 170.0 72
1754618606971 200.0 73
1754618606996 23.0 74
1754618607026 34.0 75
1754618607127 121.0 76
1754618607152 32.0 77
1754618607291 187.0 78
1754618607338 65.0 79
