1754618600691 0.7129708358369051 0
1754618600870 0.6258178005851298 1
1754618600889 0.6688024148288289 2
1754618600994 0.702435206168522 3
1754618601125 0.7059431484186284 4
1754618601139 0.6780448422364479 5
1754618601284 0.6898040954850392 6
1754618601414 0.6405392440957831 7
1754618601452 0.7550090912938501 8
1754618601621 0.7000354760177746 9
1754618601755 0.6542819980616208 10
1754618601787 0.6676633376529286 11
1754618601924 0.7171087938674823 12
1754618601944 0.7030210799062716 13
1754618601957 0.726278768681337 14
1754618601986 0.6639053841585231 15
1754618602130 0.8076380147591486 16
1754618602254 0.7802072689187876 17
1754618602384 0.6852100075965326 18
1754618602403 0.6813797223249095 19
1754618602591 0.7100996799263113 20
1754618602610 0.7160417921850744 21
1754618602779 0.6501036340750705 22
1754618602812 0.7323168920326004 23
1754618602921 0.7486604307695781 24
1754618603081 0.677470140149597 25
1754618603128 0.6967242264165033 26
1754618603164 0.7200886692748305 27
1754618603258 0.6719755182483725 28
1754618603279 0.7221741904719058 29
1754618603415 0.7686308287455675 30
1754618603431 0.7823283071755766 31
1754618603472 0.6431013618672303 32
1754618603637 0.7168435206960925 33
1754618603671 0.6717860345052084 34
1754618603727 0.6891243343068292 35
1754618603884 0.6629611975701177 36
1754618603929 0.6936581094976455 37
1754618604084 0.6758089113974428 38
1754618604219 0.7319721028505051 39
1754618604359 0.6777778140438867 40
1754618604388 0.7127704767417239 41
1754618604449 0.7120398661148408 42
1754618604474 0.6786169949267199 43
1754618604516 0.7139471854763645 44
1754618604643 0.7147351477713858 45
1754618604689 0.7155731827719376 46
1754618604781 0.665076458414523 47
1754618604841 0.7086864408332965 48
1754618604851 0.7237210976158217 49
1754618604959 0.6893489613929031 50
1754618605032 0.6761347192544267 51
1754618605094 0.6887846433534432 52
1754618605177 0.7359644803073506 53
1754618605324 0.7192744562483808 54
1754618605442 0.6650332573490252 55
1754618605474 0.7388479535855519 56
1754618605512 0.7003081644020772 57
1754618605540 0.6561601805540179 58
1754618605558 0.7081405485812757 59
1754618605621 0.6859561241474499 60
1754618605780 0.6313285471347839 61
1754618605952 0.7029194915214747 62
1754618605995 0.6919162339585734 63
1754618606066 0.688481716510338 64
1754618606207 0.692226299183807 65
1754618606244 0.7111214599126828 66
1754618606373 0.68907362306471 67
1754618606419 0.6914281120336975 68
1754618606480 0.6989077512621057 69
1754618606542 0.7151665370341378 70
1754618606698 0.7694555423084541 71
1754618606814 0.6524427888073995 72
1754618606971 0.6897142391568746 73
1754618606996 0.6757882690921668 74
1754618607026 0.7502735156189237 75
1754618607127 0.6239371479368081 76
1754618607152 0.6260026144132 77
1754618607291 0.7020942455965304 78
1754618607338 0.7327696794224957 79
