1754623769785 0.0980938514473286 0
1754623769885 0.12596014449191992 1
1754623769979 0.1113861585832981 2
1754623770241 0.1050937415343639 3
1754623770276 0.1062800611829231 4
1754623770301 0.11201661358007005 5
1754623770461 0.11314145021555103 6
1754623770513 0.10440754307837699 7
1754623770572 0.12365261962963503 8
1754623770622 0.11034341518080122 9
1754623770682 0.10972354071077262 10
1754623770706 0.1252771257930553 11
1754623770791 0.104001741365808 12
1754623770818 0.12456180532397357 13
1754623770849 0.11943604096181146 14
1754623770940 0.10334135646488771 15
1754623770975 0.13505964312453594 16
1754623770994 0.11431270676773561 17
1754623771031 0.11828363303989468 18
1754623771067 0.11116822108307974 19
1754623771151 0.09889676478133125 20
1754623771195 0.10910997076926512 21
1754623771310 0.10252210268414319 22
1754623771416 0.11532789569962856 23
1754623771482 0.11146277391754793 24
1754623771506 0.12394528965106119 25
1754623771538 0.11149071823626104 26
1754623771553 0.10839430273186239 27
1754623771572 0.1308669746631999 28
1754623771661 0.1121485322215299 29
1754623771714 0.13033196056454932 30
1754623771780 0.09808136931322475 31
1754623771845 0.12363639965899047 32
1754623771867 0.10991792710826354 33
1754623771878 0.10442411278068317 34
1754623771901 0.10547274417031918 35
1754623771934 0.11437498747864216 36
1754623772144 0.0984614701238486 37
1754623772280 0.09956343520420005 38
1754623772381 0.11005048943951201 39
1754623772454 0.10612610381602945 40
1754623772526 0.12151949844602343 41
1754623772656 0.10086769780486878 42
1754623772695 0.11985787189412984 43
1754623772814 0.11185515186378422 44
1754623772854 0.10589413876016689 45
1754623772938 0.10442479725006626 46
1754623772981 0.10902705810785304 47
1754623773044 0.10975432809492773 48
1754623773107 0.1293967682304257 49
1754623773159 0.10062200455273906 50
1754623773364 0.10194078291350546 51
1754623773392 0.13357077447763083 52
1754623773421 0.13002967931834047 53
1754623773502 0.09410792762697977 54
1754623773669 0.0993551161689262 55
1754623773688 0.10567411948483088 56
1754623773721 0.10676779906278722 57
1754623773794 0.12052852561215932 58
1754623773923 0.11219331063259039 59
1754623773980 0.11738535984103256 60
1754623774011 0.1074810822150414 61
1754623774133 0.10201356970288375 62
1754623774155 0.12462532427260667 63
1754623774374 0.10889490277537632 64
1754623774537 0.10069182146815192 65
1754623774563 0.12132491644816752 66
1754623774600 0.1079346215990935 67
1754623774735 0.09741044841627487 68
1754623774772 0.11464851315007085 69
1754623775142 0.09810739948416772 70
1754623775155 0.10936394549487202 71
1754623775216 0.10862456736689068 72
1754623775489 0.11349954911876474 73
1754623775592 0.1129616410430944 74
1754623775646 0.10537151377342953 75
1754623775737 0.11087224793712783 76
1754623775766 0.10654120413284403 77
1754623775797 0.11334832436284148 78
1754623775898 0.09933717019032355 79
1754623775930 0.12052201385814261 80
1754623775983 0.11533160276304455 81
1754623776039 0.11652039615403695 82
1754623776114 0.11734581165490617 83
1754623776178 0.12499015383457761 84
1754623776225 0.11914074843023707 85
1754623776443 0.1074534437633294 86
1754623776476 0.12110779808013095 87
1754623776571 0.09522333441914395 88
1754623776584 0.10567568988376656 89
1754623776606 0.11232411155683901 90
1754623776659 0.10696662364365839 91
1754623776694 0.10804716112329142 92
1754623776778 0.12592036792114467 93
1754623776813 0.1131665801700273 94
1754623776950 0.10867238786275371 95
1754623776962 0.12404639468183813 96
1754623777058 0.11481398645496406 97
1754623777341 0.10548970075831696 98
1754623777358 0.10564013195092445 99
