1754623769785 0.058152070522998235 0
1754623769885 0.061094424107036395 1
1754623769979 0.05894628724413933 2
1754623770241 0.049039434344201896 3
1754623770276 0.08194290568321573 4
1754623770301 0.091281278417531 5
1754623770461 0.05918863827414687 6
1754623770513 0.09068230835977528 7
1754623770572 0.09623027918958268 8
1754623770622 0.06552716918527055 9
1754623770682 0.08802758218583029 10
1754623770706 0.09904449305561781 11
1754623770791 0.062060924764971784 12
1754623770818 0.10821423385375428 13
1754623770849 0.09891742598385862 14
1754623770940 0.057054163501784404 15
1754623770975 0.09184717180600063 16
1754623770994 0.1062038252367368 17
1754623771031 0.10474350805377504 18
1754623771067 0.08204034717420312 19
1754623771151 0.06200803063120168 20
1754623771195 0.09681963576285009 21
1754623771310 0.05523243285906544 22
1754623771416 0.06598940874712851 23
1754623771482 0.07238735701836495 24
1754623771506 0.09405495709970338 25
1754623771538 0.10199975971271416 26
1754623771553 0.10102939999299809 27
1754623771572 0.1077260983557157 28
1754623771661 0.07258711752103117 29
1754623771714 0.076156380464941 30
1754623771780 0.07163572450424124 31
1754623771845 0.05957727193697919 32
1754623771867 0.08951606482918156 33
1754623771878 0.11641496603615342 34
1754623771901 0.11798126365642866 35
1754623771934 0.09785559578318237 36
1754623772144 0.06094200687201247 37
1754623772280 0.05899498448691255 38
1754623772381 0.06207529364766205 39
1754623772454 0.07195717975354213 40
1754623772526 0.06479725343307643 41
1754623772656 0.048188051645405586 42
1754623772695 0.09956274660463663 43
1754623772814 0.059062945499517995 44
1754623772854 0.09225611156338194 45
1754623772938 0.06384127996413312 46
1754623772981 0.10768359770198474 47
1754623773044 0.06844540053282097 48
1754623773107 0.05576851857005548 49
1754623773159 0.07551521139729944 50
1754623773364 0.055007634688905016 51
1754623773392 0.09893650570480128 52
1754623773421 0.08926215505140052 53
1754623773502 0.07880798444138455 54
1754623773669 0.056795703736102376 55
1754623773688 0.10811604170987602 56
1754623773721 0.08775158202109923 57
1754623773794 0.06715891742008981 58
1754623773923 0.06367822943604204 59
1754623773980 0.09568462306053567 60
1754623774011 0.09943767820505511 61
1754623774133 0.04684314064408873 62
1754623774155 0.10432177927577979 63
1754623774374 0.065408333941922 64
1754623774537 0.053444447038823936 65
1754623774563 0.08853947472595305 66
1754623774600 0.08284694408086495 67
1754623774735 0.057301139707374105 68
1754623774772 0.08505630062957736 69
1754623775142 0.04339445552133666 70
1754623775155 0.09745457791715186 71
1754623775216 0.061772914492902696 72
1754623775489 0.051728103742635645 73
1754623775592 0.055379197405957946 74
1754623775646 0.07524489067455323 75
1754623775737 0.0673514819615475 76
1754623775766 0.10241477588584161 77
1754623775797 0.0873213629397823 78
1754623775898 0.06081260493753855 79
1754623775930 0.09934718329999939 80
1754623775983 0.059683335164600074 81
1754623776039 0.0838921628311953 82
1754623776114 0.08755343594241496 83
1754623776178 0.07325729823982638 84
1754623776225 0.07975392355350157 85
1754623776443 0.05521327300264476 86
1754623776476 0.09030818369404983 87
1754623776571 0.05342968051510688 88
1754623776584 0.1064964626334336 89
1754623776606 0.08731671877074676 90
1754623776659 0.06444435107736986 91
1754623776694 0.08023169369117136 92
1754623776778 0.07032789336691225 93
1754623776813 0.0857144157341503 94
1754623776950 0.04897963777681381 95
1754623776962 0.10630653066533602 96
1754623777058 0.06868520838215272 97
1754623777341 0.052419700382519564 98
1754623777358 0.12095246510680013 99
