1754623769785 0.13374475267095942 0
1754623769885 0.07736693488328487 1
1754623769979 0.044957660461264835 2
1754623770241 0.11740111236203869 3
1754623770276 0.09179627131422485 4
1754623770301 0.07519018886597788 5
1754623770461 0.09671173119696039 6
1754623770513 0.11486451950123744 7
1754623770572 0.06749805783804899 8
1754623770622 0.14956783751590114 9
1754623770682 0.08105294178278158 10
1754623770706 0.07703184872805621 11
1754623770791 0.1500069452320103 12
1754623770818 0.06876018698281694 13
1754623770849 0.12379604644831517 14
1754623770940 0.07954692969052139 15
1754623770975 0.184603301514416 16
1754623770994 0.1499165030866866 17
1754623771031 0.09301092424507065 18
1754623771067 0.11160763508760266 19
1754623771151 0.0641727077622047 20
1754623771195 0.07519871157880349 21
1754623771310 0.09401362418560559 22
1754623771416 0.1345879081525693 23
1754623771482 0.09688879936288437 24
1754623771506 0.12001455293309213 25
1754623771538 0.08963607781310738 26
1754623771553 0.20058141978149174 27
1754623771572 0.13507562679204757 28
1754623771661 0.17841363848481517 29
1754623771714 0.11886427237212552 30
1754623771780 0.1251499138754612 31
1754623771845 0.14782931712532504 32
1754623771867 0.17115432056369356 33
1754623771878 0.13023164021264916 34
1754623771901 0.0876828741440459 35
1754623771934 0.05814867246651545 36
1754623772144 0.07556862419805341 37
1754623772280 0.1679029506893169 38
1754623772381 0.0792147035107229 39
1754623772454 0.10140263468540542 40
1754623772526 0.07611563076784122 41
1754623772656 0.07296699560552326 42
1754623772695 0.07206782892457006 43
1754623772814 0.17336815619056356 44
1754623772854 0.11705870237729474 45
1754623772938 0.06253462425738583 46
1754623772981 0.14926640878551342 47
1754623773044 0.07827590759950205 48
1754623773107 0.17662263283160443 49
1754623773159 0.09751636739814167 50
1754623773364 0.06522122148438073 51
1754623773392 0.10335380117477957 52
1754623773421 0.09901831676038526 53
1754623773502 0.1166553079139648 54
1754623773669 0.1007832529767148 55
1754623773688 0.09355355541247742 56
1754623773721 0.1267688809237196 57
1754623773794 0.09279122748739788 58
1754623773923 0.21974929810811936 59
1754623773980 0.09903160656323955 60
1754623774011 0.07567249286088291 61
1754623774133 0.07793380970126088 62
1754623774155 0.15083466857577948 63
1754623774374 0.04721275204606812 64
1754623774537 0.1075312100325645 65
1754623774563 0.20738833839540885 66
1754623774600 0.11636293401827161 67
1754623774735 0.16782689377548882 68
1754623774772 0.16927514093644386 69
1754623775142 0.13733634016280655 70
1754623775155 0.15503376154761703 71
1754623775216 0.12076993556995053 72
1754623775489 0.06687126193652179 73
1754623775592 0.13832940357350515 74
1754623775646 0.15557211473589305 75
1754623775737 0.09922711882048478 76
1754623775766 0.11843131774182378 77
1754623775797 0.0879034372686176 78
1754623775898 0.0887573863627658 79
1754623775930 0.16514625617129042 80
1754623775983 0.09846212997499215 81
1754623776039 0.14361372460175037 82
1754623776114 0.0612145431972845 83
1754623776178 0.10579061252049442 84
1754623776225 0.16722638200552656 85
1754623776443 0.1319695868981851 86
1754623776476 0.11955851071975374 87
1754623776571 0.0777666369704276 88
1754623776584 0.1511424001562302 89
1754623776606 0.11181869302649972 90
1754623776659 0.12808552758013114 91
1754623776694 0.16489563557465203 92
1754623776778 0.09517741970224111 93
1754623776813 0.02181724635670168 94
1754623776950 0.0884060221629877 95
1754623776962 0.11788619553185047 96
1754623777058 0.09974091370629043 97
1754623777341 0.13527955209127462 98
1754623777358 0.18059471751437642 99
