1754623769785 -0.5851816429632497 0
1754623769885 -0.4532288217567461 1
1754623769979 -0.5151800543689375 2
1754623770241 -1.4125456570275245 3
1754623770276 -0.1560836193804566 4
1754623770301 -0.11089451501929475 5
1754623770461 -0.8865157989456114 6
1754623770513 -0.2084780187109073 7
1754623770572 -0.2124079126439797 8
1754623770622 -0.20393477468035703 9
1754623770682 -0.35986330199826566 10
1754623770706 -0.10550483186858783 11
1754623770791 -0.4371298228779635 12
1754623770818 -0.18099242033258922 13
1754623770849 -0.09399089059199049 14
1754623770940 -0.430077546617367 15
1754623770975 -0.18170411573672954 16
1754623770994 -0.07520222926524513 17
1754623771031 -0.20838624102843156 18
1754623771067 -0.13239497157600402 19
1754623771151 -0.39070820552281815 20
1754623771195 -0.2757894199124273 21
1754623771310 -0.5084395789121763 22
1754623771416 -0.5124441835420227 23
1754623771482 -0.30672513643146754 24
1754623771506 -0.14531200902205066 25
1754623771538 -0.15241258428944848 26
1754623771553 -0.09856366173450941 27
1754623771572 -0.09110109922390454 28
1754623771661 -0.5003284133394621 29
1754623771714 -0.27428126611625137 30
1754623771780 -0.3336680109038219 31
1754623771845 -0.31103866834861005 32
1754623771867 -0.12022704713321011 33
1754623771878 -0.060488486434193474 34
1754623771901 -0.1292281144121957 35
1754623771934 -0.16753700708861294 36
1754623772144 -1.125139100211038 37
1754623772280 -0.618396313116763 38
1754623772381 -0.48806760789423465 39
1754623772454 -0.40146106546308336 40
1754623772526 -0.3913805935205218 41
1754623772656 -0.7137957718082851 42
1754623772695 -0.17237135309266238 43
1754623772814 -0.6321490880622554 44
1754623772854 -0.21236077145753834 45
1754623772938 -0.47370927322385065 46
1754623772981 -0.33188621371891647 47
1754623773044 -0.2907455307283778 48
1754623773107 -0.2745778030385162 49
1754623773159 -0.264496431618579 50
1754623773364 -1.1355283113529215 51
1754623773392 -0.13843529222264542 52
1754623773421 -0.10716548818835663 53
1754623773502 -0.4051167068654995 54
1754623773669 -0.994417070406869 55
1754623773688 -0.08990113665864798 56
1754623773721 -0.2114106656807865 57
1754623773794 -0.41821104078402754 58
1754623773923 -0.656156182597411 59
1754623773980 -0.37990074187138545 60
1754623774011 -0.18201611608537724 61
1754623774133 -0.6137915258837753 62
1754623774155 -0.14095879368641362 63
1754623774374 -1.0214971881850254 64
1754623774537 -0.8256195143133982 65
1754623774563 -0.16857012560303888 66
1754623774600 -0.1805553042834528 67
1754623774735 -0.6151171133506664 68
1754623774772 -0.17606772188192504 69
1754623775142 -1.9482581132713834 70
1754623775155 -0.060161961748990654 71
1754623775216 -0.2939973347581192 72
1754623775489 -1.379226012889409 73
1754623775592 -0.5768319321415878 74
1754623775646 -0.24538467859602214 75
1754623775737 -0.45642365994326906 76
1754623775766 -0.17745566592789525 77
1754623775797 -0.15841717623219786 78
1754623775898 -0.5109324545653813 79
1754623775930 -0.2063885401543963 80
1754623775983 -0.20008426618724343 81
1754623776039 -0.2607481547888384 82
1754623776114 -0.3256843947275776 83
1754623776178 -0.26376943717620477 84
1754623776225 -0.23661830889445948 85
1754623776443 -1.1974951440844723 86
1754623776476 -0.16863964389023492 87
1754623776571 -0.5119129584499744 88
1754623776584 -0.04962272896418155 89
1754623776606 -0.12053697062822313 90
1754623776659 -0.20769428383516672 91
1754623776694 -0.14409132128045152 92
1754623776778 -0.43949189395967037 93
1754623776813 -0.17188334901152136 94
1754623776950 -0.7106132217086925 95
1754623776962 -0.05943779985068904 96
1754623777058 -0.5780706110388593 97
1754623777341 -1.7230600411838326 98
1754623777358 -0.0713267057679324 99
