1754623769785 63.0 0
1754623769885 50.0 1
1754623769979 55.0 2
1754623770241 146.0 3
1754623770276 18.0 4
1754623770301 12.0 5
1754623770461 93.0 6
1754623770513 24.0 7
1754623770572 24.0 8
1754623770622 24.0 9
1754623770682 38.0 10
1754623770706 12.0 11
1754623770791 48.0 12
1754623770818 19.0 13
1754623770849 11.0 14
1754623770940 47.0 15
1754623770975 20.0 16
1754623770994 9.0 17
1754623771031 22.0 18
1754623771067 15.0 19
1754623771151 44.0 20
1754623771195 29.0 21
1754623771310 56.0 22
1754623771416 55.0 23
1754623771482 34.0 24
1754623771506 16.0 25
1754623771538 17.0 26
1754623771553 10.0 27
1754623771572 10.0 28
1754623771661 54.0 29
1754623771714 30.0 30
1754623771780 37.0 31
1754623771845 34.0 32
1754623771867 13.0 33
1754623771878 6.0 34
1754623771901 13.0 35
1754623771934 18.0 36
1754623772144 119.0 37
1754623772280 68.0 38
1754623772381 53.0 39
1754623772454 44.0 40
1754623772526 43.0 41
1754623772656 76.0 42
1754623772695 20.0 43
1754623772814 67.0 44
1754623772854 23.0 45
1754623772938 51.0 46
1754623772981 34.0 47
1754623773044 33.0 48
1754623773107 31.0 49
1754623773159 30.0 50
1754623773364 120.0 51
1754623773392 15.0 52
1754623773421 12.0 53
1754623773502 44.0 54
1754623773669 104.0 55
1754623773688 10.0 56
1754623773721 23.0 57
1754623773794 45.0 58
1754623773923 71.0 59
1754623773980 40.0 60
1754623774011 20.0 61
1754623774133 66.0 62
1754623774155 14.0 63
1754623774374 107.0 64
1754623774537 88.0 65
1754623774563 18.0 66
1754623774600 20.0 67
1754623774735 66.0 68
1754623774772 19.0 69
1754623775142 200.0 70
1754623775155 6.0 71
1754623775216 33.0 72
1754623775489 145.0 73
1754623775592 62.0 74
1754623775646 27.0 75
1754623775737 51.0 76
1754623775766 18.0 77
1754623775797 17.0 78
1754623775898 56.0 79
1754623775930 21.0 80
1754623775983 24.0 81
1754623776039 29.0 82
1754623776114 37.0 83
1754623776178 29.0 84
1754623776225 26.0 85
1754623776443 126.0 86
1754623776476 19.0 87
1754623776571 57.0 88
1754623776584 6.0 89
1754623776606 12.0 90
1754623776659 24.0 91
1754623776694 16.0 92
1754623776778 48.0 93
1754623776813 20.0 94
1754623776950 76.0 95
1754623776962 6.0 96
1754623777058 62.0 97
1754623777341 178.0 98
1754623777358 8.0 99
