1754623769785 0.709535979571719 0
1754623769885 0.6271482838588529 1
1754623769979 0.6669917891270467 2
1754623770241 0.713847224908132 3
1754623770276 0.7082632722759703 4
1754623770301 0.6780306413455103 5
1754623770461 0.6969859549549445 6
1754623770513 0.6428583311193335 7
1754623770572 0.7584501969925557 8
1754623770622 0.6922317170058864 9
1754623770682 0.6564200921845054 10
1754623770706 0.6699052245725059 11
1754623770791 0.712776825588898 12
1754623770818 0.7028676554773423 13
1754623770849 0.7271107894139798 14
1754623770940 0.6665095089437714 15
1754623770975 0.8058852486740049 16
1754623770994 0.7831064476974967 17
1754623771031 0.6863629953477831 18
1754623771067 0.681344808628342 19
1754623771151 0.7124509365306116 20
1754623771195 0.7148207337648704 21
1754623771310 0.6522657604338915 22
1754623771416 0.7349376793057728 23
1754623771482 0.749735438325339 24
1754623771506 0.6777384477631793 25
1754623771538 0.6969334373872368 26
1754623771553 0.7211343920944527 27
1754623771572 0.6690585543869892 28
1754623771661 0.7270117708462946 29
1754623771714 0.7704353131047992 30
1754623771780 0.7827150291747238 31
1754623771845 0.6432580443207394 32
1754623771867 0.7057695764451688 33
1754623771878 0.6703371899791686 34
1754623771901 0.6911322348422135 35
1754623771934 0.6567749790201082 36
1754623772144 0.6980759231683835 37
1754623772280 0.678017721796221 38
1754623772381 0.7238053882675445 39
1754623772454 0.6790517441390446 40
1754623772526 0.7133910912154555 41
1754623772656 0.7111383105752986 42
1754623772695 0.6771380387559909 43
1754623772814 0.7126071054636312 44
1754623772854 0.7119361419389663 45
1754623772938 0.7156479309433107 46
1754623772981 0.6630485432202827 47
1754623773044 0.7094046058699294 48
1754623773107 0.7242601267550535 49
1754623773159 0.6884432051763631 50
1754623773364 0.68766763388004 51
1754623773392 0.6899889367182837 52
1754623773421 0.736913599805021 53
1754623773502 0.7237245039464546 54
1754623773669 0.667548914957003 55
1754623773688 0.7387514478789503 56
1754623773721 0.701216481198996 57
1754623773794 0.655023603141151 58
1754623773923 0.7151795803095904 59
1754623773980 0.6826684823233952 60
1754623774011 0.6270739859241015 61
1754623774133 0.702612661832095 62
1754623774155 0.6904111227014746 63
1754623774374 0.6905120005193569 64
1754623774537 0.6886390152142127 65
1754623774563 0.7128740707564729 66
1754623774600 0.6906927606128572 67
1754623774735 0.6923823047152536 68
1754623774772 0.7002348382486469 69
1754623775142 0.7305497429531147 70
1754623775155 0.7624973503632901 71
1754623775216 0.6516563747187017 72
1754623775489 0.7027722801413782 73
1754623775592 0.6767327180910307 74
1754623775646 0.7503721878527186 75
1754623775737 0.6234105838105888 76
1754623775766 0.6237161608013163 77
1754623775797 0.6992663848127478 78
1754623775898 0.7386158302852331 79
1754623775930 0.6582719871754719 80
1754623775983 0.7075076453793593 81
1754623776039 0.7034206670874366 82
1754623776114 0.6452529744350043 83
1754623776178 0.7092745891264797 84
1754623776225 0.6671392471748391 85
1754623776443 0.6971406789208183 86
1754623776476 0.6877299852126941 87
1754623776571 0.7194898151738952 88
1754623776584 0.7337303362366642 89
1754623776606 0.6867617178778122 90
1754623776659 0.6902355314375717 91
1754623776694 0.7438683299834966 92
1754623776778 0.6782369811544167 93
1754623776813 0.6512738293955607 94
1754623776950 0.7443703095774288 95
1754623776962 0.6744826191369502 96
1754623777058 0.671022524761705 97
1754623777341 0.6601496559960565 98
1754623777358 0.7707346345248214 99
