1754624004672 0.09223232160681397 0
1754624004762 0.1017296616172197 1
1754624004873 0.12632469562446488 2
1754624004916 0.11319238669612056 3
1754624004964 0.11534668608339418 4
1754624005007 0.10594632048137043 5
1754624005044 0.11174928684394389 6
1754624005103 0.11739442851115814 7
1754624005162 0.10403837375981373 8
1754624005217 0.12110692160737893 9
1754624005266 0.11042566332216104 10
1754624005308 0.11103816880775612 11
1754624005328 0.1258048261153268 12
1754624005348 0.11142387481155017 13
1754624005374 0.12474138870944271 14
1754624005404 0.12139408781625258 15
1754624005498 0.10554080532259118 16
1754624005541 0.1331260188802206 17
1754624005624 0.1133852336593723 18
1754624005664 0.11971189840443466 19
1754624005695 0.1095868705015112 20
1754624005774 0.09997365645490466 21
1754624005796 0.11166563523188085 22
1754624005825 0.11475456079293081 23
1754624005931 0.11661554033668886 24
1754624006067 0.10824748017058164 25
1754624006090 0.12352536798216074 26
1754624006121 0.11033584226031354 27
1754624006146 0.10751781224024508 28
1754624006174 0.13087321024995063 29
1754624006256 0.10947870788642448 30
1754624006312 0.12853908041567125 31
1754624006338 0.09785651256493393 32
1754624006381 0.12455416780553907 33
1754624006401 0.11051731864446998 34
1754624006413 0.10442411278068317 35
1754624006434 0.10547274417031918 36
1754624006464 0.11399625493016359 37
1754624006629 0.09904630531574099 38
1754624006646 0.1083875300589999 39
1754624006742 0.10979877579573254 40
1754624006844 0.10555672293727172 41
1754624006870 0.12135455203281154 42
1754624006908 0.10452613857258035 43
1754624006944 0.11865554747309903 44
1754624007004 0.11521453143511798 45
1754624007056 0.10314529880203263 46
1754624007112 0.10543301086930268 47
1754624007155 0.1087954990384931 48
1754624007215 0.11204914893900311 49
1754624007280 0.1289397799291334 50
1754624007328 0.10132403749549616 51
1754624007348 0.1106618980889954 52
1754624007373 0.13449686069062178 53
1754624007404 0.1308352481394444 54
1754624007454 0.09587034883755567 55
1754624007496 0.10516126381884176 56
1754624007513 0.10470354969616309 57
1754624007549 0.10717672767394323 58
1754624007626 0.11928808517758134 59
1754624007734 0.11388881458515368 60
1754624007766 0.11746059201843562 61
1754624007796 0.1074810822150414 62
1754624007920 0.10167698099913655 63
1754624007941 0.12462532427260667 64
1754624008090 0.11055358481697634 65
1754624008133 0.10612589923284836 66
1754624008193 0.12014193255929724 67
1754624008230 0.1072999117947699 68
1754624008391 0.09383963183186192 69
1754624008460 0.11149918787869954 70
1754624008498 0.10500081140949077 71
1754624008509 0.10936394549487202 72
1754624008565 0.10846505638293528 73
1754624008675 0.12234260691160499 74
1754624008780 0.11309705081432206 75
1754624008807 0.10666375867572098 76
1754624008978 0.10621781415373381 77
1754624009142 0.10105154833160146 78
1754624009173 0.11217140965181982 79
1754624009269 0.10119289884157556 80
1754624009302 0.12071435766253169 81
1754624009350 0.11489181508018971 82
1754624009375 0.11934937961849243 83
1754624009412 0.11781122780912304 84
1754624009603 0.11596560724867604 85
1754624009650 0.1200577964572894 86
1754624009869 0.10910429948348174 87
1754624009901 0.12069270377569552 88
1754624010213 0.08774176211188153 89
1754624010227 0.10667194769416807 90
1754624010369 0.10741142503191567 91
1754624010397 0.11054172735530834 92
1754624010421 0.10857925207193946 93
1754624010505 0.12654399556418908 94
1754624010541 0.11488737721390638 95
1754624010677 0.1078194262465263 96
1754624010689 0.12404639468183813 97
1754624010787 0.11440284341328515 98
1754624010968 0.1089984644496105 99
