1754624004672 0.056137097032367765 0
1754624004762 0.07293668268794304 1
1754624004873 0.0744883842867263 2
1754624004916 0.08010349412607892 3
1754624004964 0.06561242264715034 4
1754624005007 0.06956041462078391 5
1754624005044 0.08011721704002905 6
1754624005103 0.06942684797322382 7
1754624005162 0.09175208578767677 8
1754624005217 0.07222220332770449 9
1754624005266 0.06967594037580624 10
1754624005308 0.0932612087250629 11
1754624005328 0.10526111435103425 12
1754624005348 0.09049717923424497 13
1754624005374 0.11061624021210466 14
1754624005404 0.09816642466731933 15
1754624005498 0.06043807591140601 16
1754624005541 0.07705133013918697 17
1754624005624 0.07621949263225473 18
1754624005664 0.10536558838992446 19
1754624005695 0.0763593320391871 20
1754624005774 0.07245374430167094 21
1754624005796 0.10271403977488928 22
1754624005825 0.08512152983254254 23
1754624005931 0.06213343751691158 24
1754624006067 0.0640774361208736 25
1754624006090 0.09900696542165169 26
1754624006121 0.10158950006599969 27
1754624006146 0.09345396088510796 28
1754624006174 0.09662980299863913 29
1754624006256 0.06429645587907847 30
1754624006312 0.07964499173654391 31
1754624006338 0.07511440888566592 32
1754624006381 0.06882808002769739 33
1754624006401 0.0917279078520906 34
1754624006413 0.11641496603615342 35
1754624006434 0.11798126365642866 36
1754624006464 0.09721464971542941 37
1754624006629 0.06511980178567014 38
1754624006646 0.11275990685151546 39
1754624006742 0.06254474121429773 40
1754624006844 0.06639945076338474 41
1754624006870 0.08644645283621419 42
1754624006908 0.06996241393118699 43
1754624006944 0.09984612102392683 44
1754624007004 0.07416816765635843 45
1754624007056 0.07273258567262135 46
1754624007112 0.07141489274167523 47
1754624007155 0.1054603365345879 48
1754624007215 0.07240070136116603 49
1754624007280 0.05610196050513814 50
1754624007328 0.08792133193197596 51
1754624007348 0.09959687323041169 52
1754624007373 0.09790575829802098 53
1754624007404 0.08436738836675174 54
1754624007454 0.08471269523174449 55
1754624007496 0.07950472591690594 56
1754624007513 0.10353170362836857 57
1754624007549 0.08466555525606445 58
1754624007626 0.06617378355332891 59
1754624007734 0.0728301670306152 60
1754624007766 0.10536517409929332 61
1754624007796 0.09943767820505511 62
1754624007920 0.04736340819195379 63
1754624007941 0.10432177927577979 64
1754624008090 0.07555411987710857 65
1754624008133 0.07499142974720581 66
1754624008193 0.06431410148933679 67
1754624008230 0.08230584378880086 68
1754624008391 0.05340508263554433 69
1754624008460 0.0705242600598228 70
1754624008498 0.06877451626256328 71
1754624008509 0.09745457791715186 72
1754624008565 0.07159369079038132 73
1754624008675 0.05701671675948476 74
1754624008780 0.056427296004294816 75
1754624008807 0.09337331273050573 76
1754624008978 0.06176381041234226 77
1754624009142 0.07046597378729999 78
1754624009173 0.08011317421506799 79
1754624009269 0.07035261943863606 80
1754624009302 0.09636938373265527 81
1754624009350 0.06338443475474845 82
1754624009375 0.1036398362007448 83
1754624009412 0.10230232660645425 84
1754624009603 0.049884330857243885 85
1754624009650 0.07556451931736491 86
1754624009869 0.056350464085903405 87
1754624009901 0.09229280930176925 88
1754624010213 0.04280521333140537 89
1754624010227 0.10452417314882659 90
1754624010369 0.05005228216434535 91
1754624010397 0.08279494979489646 92
1754624010421 0.089286576983928 93
1754624010505 0.0766846840522407 94
1754624010541 0.09208929768730631 95
1754624010677 0.04859011790939897 96
1754624010689 0.10630653066533602 97
1754624010787 0.06819369891049744 98
1754624010968 0.05694563789919184 99
