1754624004672 0.11530989930652265 0
1754624004762 0.13138811504894968 1
1754624004873 0.07866016499665367 2
1754624004916 0.03775809807194488 3
1754624004964 0.09458582210755413 4
1754624005007 0.09253959925418336 5
1754624005044 0.07768923252635833 6
1754624005103 0.08444411008064723 7
1754624005162 0.11562955473171925 8
1754624005217 0.06390946165913221 9
1754624005266 0.14979142044859603 10
1754624005308 0.08211019330479505 11
1754624005328 0.07514300562533158 12
1754624005348 0.15025742252810198 13
1754624005374 0.06889297889568766 14
1754624005404 0.1227332061001162 15
1754624005498 0.08171100218721108 16
1754624005541 0.18337098869118265 17
1754624005624 0.14422367654590626 18
1754624005664 0.0916994279821239 19
1754624005695 0.109873747023744 20
1754624005774 0.057209183591250046 21
1754624005796 0.07658472782464117 22
1754624005825 0.0939200472027066 23
1754624005931 0.13157438763344195 24
1754624006067 0.10336911771729067 25
1754624006090 0.11997413018187383 26
1754624006121 0.09367167747963415 27
1754624006146 0.2031181991050742 28
1754624006174 0.13524477168657967 29
1754624006256 0.17915181250262027 30
1754624006312 0.1184804500519034 31
1754624006338 0.12731857603454344 32
1754624006381 0.15140660586000543 33
1754624006401 0.17115432056369356 34
1754624006413 0.12879235621745194 35
1754624006434 0.08678621417970529 36
1754624006464 0.05695191017719026 37
1754624006629 0.07697700239765962 38
1754624006646 0.1652165230961245 39
1754624006742 0.08449480155367865 40
1754624006844 0.10173456961370615 41
1754624006870 0.0816257133129584 42
1754624006908 0.06910000194753643 43
1754624006944 0.07297011941970996 44
1754624007004 0.17216982482700355 45
1754624007056 0.11574148930865231 46
1754624007112 0.06084380959531845 47
1754624007155 0.14946122159876954 48
1754624007215 0.0760487734804494 49
1754624007280 0.18165469195605652 50
1754624007328 0.09772491861033376 51
1754624007348 0.06784645576299209 52
1754624007373 0.10186625088769645 53
1754624007404 0.09865909927201777 54
1754624007454 0.11375602991053739 55
1754624007496 0.0935445520775243 56
1754624007513 0.09355355541247742 57
1754624007549 0.12958743669615505 58
1754624007626 0.09610312188952345 59
1754624007734 0.21038887039330412 60
1754624007766 0.09892368031108649 61
1754624007796 0.0759555563021074 62
1754624007920 0.07858225167187723 63
1754624007941 0.15372070610178526 64
1754624008090 0.044227149926318 65
1754624008133 0.11276470135082839 66
1754624008193 0.2084035303182871 67
1754624008230 0.11417480559977555 68
1754624008391 0.17225161617303986 69
1754624008460 0.16867074749890562 70
1754624008498 0.10038880680158098 71
1754624008509 0.15503376154761703 72
1754624008565 0.11994169765769076 73
1754624008675 0.06948309492544577 74
1754624008780 0.13853097372283116 75
1754624008807 0.15394847691823835 76
1754624008978 0.10240593481289313 77
1754624009142 0.13610863323306538 78
1754624009173 0.08773148126532711 79
1754624009269 0.08279017116726166 80
1754624009302 0.16149799455802133 81
1754624009350 0.09902395087508768 82
1754624009375 0.1419635847568303 83
1754624009412 0.06304222772720465 84
1754624009603 0.10333627758751263 85
1754624009650 0.16925573561685106 86
1754624009869 0.12964409881806932 87
1754624009901 0.1178809320703202 88
1754624010213 0.07792329260123054 89
1754624010227 0.1511424001562302 90
1754624010369 0.1156914442125716 91
1754624010397 0.12947276093546947 92
1754624010421 0.1608446621008019 93
1754624010505 0.10203395880399384 94
1754624010541 0.024204656916790235 95
1754624010677 0.08850612409800007 96
1754624010689 0.11783409061925454 97
1754624010787 0.09975799256123104 98
1754624010968 0.14192138867770848 99
