1754624004672 -1.4781592019349241 0
1754624004762 -0.5097225594650686 1
1754624004873 -0.5559423124315468 2
1754624004916 -0.2390912979815105 3
1754624004964 -0.268994256252352 4
1754624005007 -0.22467215661750733 5
1754624005044 -0.15996233881587504 6
1754624005103 -0.28846376526691075 7
1754624005162 -0.200051368791327 8
1754624005217 -0.2672882389972304 9
1754624005266 -0.208160899418141 10
1754624005308 -0.12775958024422487 11
1754624005328 -0.11250044024277693 12
1754624005348 -0.08529588638925052 13
1754624005374 -0.17396233082118884 14
1754624005404 -0.09420379072166445 15
1754624005498 -0.5438455023766768 16
1754624005541 -0.22730213193039292 17
1754624005624 -0.44112729842552206 18
1754624005664 -0.2224799384199524 19
1754624005695 -0.12542376005384478 20
1754624005774 -0.3791792931739171 21
1754624005796 -0.14094086495725164 22
1754624005825 -0.12246549742811404 23
1754624005931 -0.509868822818617 24
1754624006067 -0.6731012271519015 25
1754624006090 -0.14971550263063438 26
1754624006121 -0.15364052274534806 27
1754624006146 -0.180624001193238 28
1754624006174 -0.13989215494545526 29
1754624006256 -0.5158505189160991 30
1754624006312 -0.34050990556630284 31
1754624006338 -0.07698536628414773 32
1754624006381 -0.18222592281253253 33
1754624006401 -0.12227311303397488 34
1754624006413 -0.07928974528913439 35
1754624006434 -0.11927186572215123 36
1754624006464 -0.16610023044691413 37
1754624006629 -0.8825056447788889 38
1754624006646 -0.08495125326939063 39
1754624006742 -0.48962914814148434 40
1754624006844 -0.5451281961370167 41
1754624006870 -0.11723305745692406 42
1754624006908 -0.16371976931103435 43
1754624006944 -0.15305374391387222 44
1754624007004 -0.29501994534310205 45
1754624007056 -0.2513677742358005 46
1754624007112 -0.3202191443732497 47
1754624007155 -0.3401844226814871 48
1754624007215 -0.28313477538649917 49
1754624007280 -0.2735730909566542 50
1754624007328 -0.24726552677549046 51
1754624007348 -0.12498996403550564 52
1754624007373 -0.13615539848552727 53
1754624007404 -0.11333933298389753 54
1754624007454 -0.2614712496236273 55
1754624007496 -0.2163029270397892 56
1754624007513 -0.07526283158906573 57
1754624007549 -0.2117089550921055 58
1754624007626 -0.4196831440784612 59
1754624007734 -0.47531058812799126 60
1754624007766 -0.09798499190967153 61
1754624007796 -0.17319017082600272 62
1754624007920 -0.6151066341646856 63
1754624007941 -0.14982584528857243 64
1754624008090 -0.8107743321923492 65
1754624008133 -0.17089586876255394 66
1754624008193 -0.34433062210583293 67
1754624008230 -0.17997688527390884 68
1754624008391 -0.8214712899146667 69
1754624008460 -0.3871803663338448 70
1754624008498 -0.13963849876805576 71
1754624008509 -0.060161961748990654 72
1754624008565 -0.29141586083983684 73
1754624008675 -0.5528264289543385 74
1754624008780 -0.5750774950528821 75
1754624008807 -0.15247606352454857 76
1754624008978 -0.9441340566083494 77
1754624009142 -0.9407785712780418 78
1754624009173 -0.1506763513625276 79
1754624009269 -0.5082347005433419 80
1754624009302 -0.20162672127367817 81
1754624009350 -0.17313863630430584 82
1754624009375 -0.14172995455646856 83
1754624009412 -0.14579804303298435 84
1754624009603 -0.9599856634087092 85
1754624009650 -0.2533611199549865 86
1754624009869 -1.2068412999078908 87
1754624009901 -0.16913992821909937 88
1754624010213 -1.722133114823292 89
1754624010227 -0.04765043947957454 90
1754624010369 -0.7721825423585151 91
1754624010397 -0.09423199229296896 92
1754624010421 -0.0918109208748297 93
1754624010505 -0.4453677736845992 94
1754624010541 -0.20132163519606183 95
1754624010677 -0.710582688410435 96
1754624010689 -0.05943537938354919 97
1754624010787 -0.5903708122264887 98
1754624010968 -1.0686365057212277 99
