1754624004672 155.0 0
1754624004762 54.0 1
1754624004873 59.0 2
1754624004916 26.0 3
1754624004964 30.0 4
1754624005007 26.0 5
1754624005044 18.0 6
1754624005103 32.0 7
1754624005162 23.0 8
1754624005217 32.0 9
1754624005266 24.0 10
1754624005308 14.0 11
1754624005328 12.0 12
1754624005348 10.0 13
1754624005374 18.0 14
1754624005404 11.0 15
1754624005498 58.0 16
1754624005541 26.0 17
1754624005624 49.0 18
1754624005664 23.0 19
1754624005695 15.0 20
1754624005774 42.0 21
1754624005796 15.0 22
1754624005825 14.0 23
1754624005931 55.0 24
1754624006067 72.0 25
1754624006090 16.0 26
1754624006121 17.0 27
1754624006146 19.0 28
1754624006174 16.0 29
1754624006256 56.0 30
1754624006312 36.0 31
1754624006338 11.0 32
1754624006381 20.0 33
1754624006401 13.0 34
1754624006413 8.0 35
1754624006434 12.0 36
1754624006464 18.0 37
1754624006629 94.0 38
1754624006646 9.0 39
1754624006742 53.0 40
1754624006844 59.0 41
1754624006870 13.0 42
1754624006908 19.0 43
1754624006944 18.0 44
1754624007004 32.0 45
1754624007056 29.0 46
1754624007112 35.0 47
1754624007155 35.0 48
1754624007215 32.0 49
1754624007280 31.0 50
1754624007328 27.0 51
1754624007348 13.0 52
1754624007373 15.0 53
1754624007404 13.0 54
1754624007454 29.0 55
1754624007496 24.0 56
1754624007513 9.0 57
1754624007549 23.0 58
1754624007626 45.0 59
1754624007734 52.0 60
1754624007766 11.0 61
1754624007796 19.0 62
1754624007920 66.0 63
1754624007941 15.0 64
1754624008090 85.0 65
1754624008133 20.0 66
1754624008193 38.0 67
1754624008230 20.0 68
1754624008391 87.0 69
1754624008460 42.0 70
1754624008498 17.0 71
1754624008509 6.0 72
1754624008565 32.0 73
1754624008675 61.0 74
1754624008780 62.0 75
1754624008807 16.0 76
1754624008978 100.0 77
1754624009142 97.0 78
1754624009173 17.0 79
1754624009269 55.0 80
1754624009302 21.0 81
1754624009350 21.0 82
1754624009375 15.0 83
1754624009412 17.0 84
1754624009603 102.0 85
1754624009650 28.0 86
1754624009869 127.0 87
1754624009901 19.0 88
1754624010213 180.0 89
1754624010227 6.0 90
1754624010369 81.0 91
1754624010397 11.0 92
1754624010421 10.0 93
1754624010505 48.0 94
1754624010541 22.0 95
1754624010677 76.0 96
1754624010689 6.0 97
1754624010787 63.0 98
1754624010968 112.0 99
