1754624004672 0.7782985117791231 0
1754624004762 0.7086013564238398 1
1754624004873 0.6284753684204265 2
1754624004916 0.6706379712017532 3
1754624004964 0.7025639688590107 4
1754624005007 0.707663907946467 5
1754624005044 0.6790482780016183 6
1754624005103 0.6891423877745652 7
1754624005162 0.6427372760820562 8
1754624005217 0.7577674966879684 9
1754624005266 0.6922661549249856 10
1754624005308 0.6542860662387854 11
1754624005328 0.6681818159423709 12
1754624005348 0.7131722551949299 13
1754624005374 0.7023661473035284 14
1754624005404 0.725615467793667 15
1754624005498 0.667207501842428 16
1754624005541 0.8048752344019112 17
1754624005624 0.7843506326623476 18
1754624005664 0.6822356301609384 19
1754624005695 0.6817680609835559 20
1754624005774 0.7109438004645046 21
1754624005796 0.716256700855004 22
1754624005825 0.6480821503999812 23
1754624005931 0.7321503085393981 24
1754624006067 0.7582895858846169 25
1754624006090 0.6782667511009347 26
1754624006121 0.6973130391178861 27
1754624006146 0.7227670031896253 28
1754624006174 0.669255775755628 29
1754624006256 0.7235680906366075 30
1754624006312 0.7675033737662396 31
1754624006338 0.7839606892553637 32
1754624006381 0.6431102423148752 33
1754624006401 0.7059353535673131 34
1754624006413 0.670816289126629 35
1754624006434 0.6906401535500877 36
1754624006464 0.6569724284493914 37
1754624006629 0.6955913626139936 38
1754624006646 0.6738844902115999 39
1754624006742 0.7253533446084084 40
1754624006844 0.6799928519391042 41
1754624006870 0.7119428679547496 42
1754624006908 0.7110551785293373 43
1754624006944 0.6771901676016412 44
1754624007004 0.7142423046578449 45
1754624007056 0.7127470067356223 46
1754624007112 0.71586626524042 47
1754624007155 0.6626244794969434 48
1754624007215 0.7098570949806267 49
1754624007280 0.7281143103342241 50
1754624007328 0.6881845061602243 51
1754624007348 0.6741078368782679 52
1754624007373 0.6904943079050799 53
1754624007404 0.7356653795806476 54
1754624007454 0.7218250329769731 55
1754624007496 0.6647527300552907 56
1754624007513 0.7388054148670251 57
1754624007549 0.69924144290886 58
1754624007626 0.6542223131810192 59
1754624007734 0.7104968985161757 60
1754624007766 0.6842108201977901 61
1754624007796 0.6260414629040882 62
1754624007920 0.7021420420843579 63
1754624007941 0.6929870898623187 64
1754624008090 0.6898878413873449 65
1754624008133 0.6875263891325705 66
1754624008193 0.7133957969785018 67
1754624008230 0.6896360151210891 68
1754624008391 0.6943444322781993 69
1754624008460 0.7042879565082035 70
1754624008498 0.7160756515170561 71
1754624008509 0.7624973503632901 72
1754624008565 0.6536445059783329 73
1754624008675 0.6957663935877589 74
1754624008780 0.6796360388527364 75
1754624008807 0.7505974060713173 76
1754624008978 0.6217019235925074 77
1754624009142 0.6272831110982494 78
1754624009173 0.6997130429560585 79
1754624009269 0.737869991210618 80
1754624009302 0.6582318756822113 81
1754624009350 0.708435285302493 82
1754624009375 0.7013614707668958 83
1754624009412 0.6408020590585968 84
1754624009603 0.7184582280449021 85
1754624009650 0.6672217086838377 86
1754624009869 0.6977689701406009 87
1754624009901 0.6883755371668323 88
1754624010213 0.7287235194322771 89
1754624010227 0.7337303362366642 90
1754624010369 0.6897880851341549 91
1754624010397 0.6927420383749652 92
1754624010421 0.74317812694495 93
1754624010505 0.6821461616656926 94
1754624010541 0.6494041304442205 95
1754624010677 0.7440613739757774 96
1754624010689 0.6744589871477921 97
1754624010787 0.6682393535298906 98
1754624010968 0.6624200472685505 99
