1754790098974 0.1108777310545982 0
1754790098982 0.10415305876690059 1
1754790098992 0.12914316730297676 2
1754790099001 0.11341388912288283 3
1754790099010 0.1164171600281397 4
1754790099018 0.10758492896309106 5
1754790099031 0.10925392677504386 6
1754790099043 0.11526343933224634 7
1754790099052 0.10900490780477216 8
1754790099061 0.12479234910825274 9
1754790099073 0.10785077801125424 10
1754790099085 0.10839504240076026 11
1754790099098 0.1233839753299875 12
1754790099107 0.1113868908889615 13
1754790099116 0.12511728977284636 14
1754790099125 0.1223399560824258 15
1754790099135 0.11147893739755381 16
1754790099144 0.13640030398373798 17
1754790099156 0.11473595201279996 18
1754790099164 0.11976598449578331 19
1754790099177 0.10841264838037115 20
1754790099189 0.10206913481896343 21
1754790099198 0.11270611968353628 22
1754790099207 0.11508901504821631 23
1754790099215 0.12472638559268827 24
1754790099224 0.11457631013280414 25
1754790099236 0.12082172019454947 26
1754790099249 0.10829206366265513 27
1754790099258 0.10839430273186239 28
1754790099267 0.13173433380239125 29
1754790099279 0.10742250808207121 30
1754790099288 0.13117491643671758 31
1754790099297 0.09762984475996651 32
1754790099310 0.12311269023823934 33
1754790099322 0.10889706287343444 34
1754790099336 0.10273382468582523 35
1754790099345 0.10547274417031918 36
1754790099357 0.1128437006580095 37
1754790099367 0.10587937390458221 38
1754790099376 0.1093020141547992 39
1754790099385 0.11197200419734563 40
1754790099394 0.10852999361847375 41
1754790099406 0.12098862258096191 42
1754790099419 0.10344188110606378 43
1754790099428 0.11966257658155663 44
1754790099437 0.11593801834347583 45
1754790099446 0.10660765494112476 46
1754790099456 0.10620861808320874 47
1754790099465 0.11137354370324012 48
1754790099478 0.11090689831077352 49
1754790099487 0.13250353901069414 50
1754790099496 0.10235969078579961 51
1754790099506 0.1106618980889954 52
1754790099515 0.13365201440110508 53
1754790099524 0.13062275153592187 54
1754790099537 0.09529763413675027 55
1754790099546 0.10526822861537877 56
1754790099556 0.10665847289479591 57
1754790099568 0.10473489669813865 58
1754790099583 0.11886645941984497 59
1754790099592 0.11708543098353479 60
1754790099601 0.11794757916583165 61
1754790099611 0.10989491080118066 62
1754790099624 0.1031263959474678 63
1754790099633 0.12462532427260667 64
1754790099642 0.1186688990953578 65
1754790099655 0.10473355211749018 66
1754790099666 0.12289108764543352 67
1754790099676 0.10848751806412708 68
1754790099685 0.10489503961106264 69
1754790099695 0.11606957994279013 70
1754790099707 0.10671324419952874 71
1754790099716 0.10936394549487202 72
1754790099726 0.11078316626977372 73
1754790099736 0.13000333510886203 74
1754790099749 0.11466925797710278 75
1754790099762 0.1053693154368367 76
1754790099773 0.11536933135576515 77
1754790099782 0.10684545904977953 78
1754790099792 0.11425076030146145 79
