1754790098974 0.1101770328294402 0
1754790098982 0.10584703845591115 1
1754790098992 0.11122162866494009 2
1754790099001 0.09980577441069347 3
1754790099010 0.09653147814360066 4
1754790099018 0.10585437759246838 5
1754790099031 0.0358578116110983 6
1754790099043 0.0394494008596177 7
1754790099052 0.12304828672634774 8
1754790099061 0.12048321512002377 9
1754790099073 0.06334790648556621 10
1754790099085 0.0772656713317988 11
1754790099098 0.07874998433880959 12
1754790099107 0.10578264371613484 13
1754790099116 0.11784688656553799 14
1754790099125 0.11278588879653975 15
1754790099135 0.09852093582773103 16
1754790099144 0.11053862158833501 17
1754790099156 0.10256613879950235 18
1754790099164 0.11194103506555295 19
1754790099177 0.03631355058178792 20
1754790099189 0.06521568390196156 21
1754790099198 0.1109962934352533 22
1754790099207 0.10205001548762058 23
1754790099215 0.10431165087360841 24
1754790099224 0.10432016456830451 25
1754790099236 0.09509327991096447 26
1754790099249 0.04080787744576601 27
1754790099258 0.10102939999299809 28
1754790099267 0.11302356355305945 29
1754790099279 0.034677823909896335 30
1754790099288 0.10026718928277059 31
1754790099297 0.10752757107278557 32
1754790099310 0.030633569660437104 33
1754790099322 0.0764626407734656 34
1754790099336 0.08732824405687331 35
1754790099345 0.11798126365642866 36
1754790099357 0.054725307632278085 37
1754790099367 0.11690941306948233 38
1754790099376 0.11829749926890099 39
1754790099385 0.10542814298737076 40
1754790099394 0.10614121877103602 41
1754790099406 0.03371702115112131 42
1754790099419 0.04739443908318929 43
1754790099428 0.12777349494167445 44
1754790099437 0.09972190736307451 45
1754790099446 0.10885037806020126 46
1754790099456 0.10098233283551902 47
1754790099465 0.11764346454634826 48
1754790099478 0.0639252462365729 49
1754790099487 0.0901366132003701 50
1754790099496 0.10822233114222497 51
1754790099506 0.09959687323041169 52
1754790099515 0.10989872100285862 53
1754790099524 0.10117626032698843 54
1754790099537 0.06927611522639676 55
1754790099546 0.10305769614129726 56
1754790099556 0.11833337719362716 57
1754790099568 0.049964725802000814 58
1754790099583 0.04619376383516129 59
1754790099592 0.11491616158735789 60
1754790099601 0.11722183241972292 61
1754790099611 0.11638532247524384 62
1754790099624 0.041685681357786594 63
1754790099633 0.10432177927577979 64
1754790099642 0.1111735386686444 65
1754790099655 0.052006056594447084 66
1754790099666 0.0985203675664301 67
1754790099676 0.10248206693324655 68
1754790099685 0.10666466536747816 69
1754790099695 0.09928758363372853 70
1754790099707 0.09925983458994192 71
1754790099716 0.09745457791715186 72
1754790099726 0.09961384881549365 73
1754790099736 0.10593309621382599 74
1754790099749 0.05793089865654205 75
1754790099762 0.07475043296038185 76
1754790099773 0.11491428790061753 77
1754790099782 0.10676596040491146 78
1754790099792 0.09907439475353279 79
