1754790098974 0.11803000662254721 0
1754790098982 0.12997757889550082 1
1754790098992 0.07632175418356084 2
1754790099001 0.03916264990707781 3
1754790099010 0.09404660706219214 4
1754790099018 0.09072617937012009 5
1754790099031 0.07519018886597788 6
1754790099043 0.08013547002585213 7
1754790099052 0.11264506581329918 8
1754790099061 0.06195710765921714 9
1754790099073 0.1501656671999397 10
1754790099085 0.08447339316284079 11
1754790099098 0.07610288395292404 12
1754790099107 0.15045507707573175 13
1754790099116 0.06664189433532233 14
1754790099125 0.12468265740583959 15
1754790099135 0.07130885474652722 16
1754790099144 0.18471630108369314 17
1754790099156 0.1498760403454252 18
1754790099164 0.08974382602564521 19
1754790099177 0.11163229895868501 20
1754790099189 0.057883237563484256 21
1754790099198 0.07854887530087229 22
1754790099207 0.09448181294308408 23
1754790099215 0.126429810754669 24
1754790099224 0.09496107797150977 25
1754790099236 0.11383689622287214 26
1754790099249 0.09244324756864905 27
1754790099258 0.19948738678211483 28
1754790099267 0.13792332659199236 29
1754790099279 0.17552728297908543 30
1754790099288 0.11778190958484203 31
1754790099297 0.12464633149774684 32
1754790099310 0.14468214969198848 33
1754790099322 0.17115432056369356 34
1754790099336 0.13013442437780168 35
1754790099345 0.0889240676798769 36
1754790099357 0.061209870273967584 37
1754790099367 0.08393366478708267 38
1754790099376 0.16356152325026513 39
1754790099385 0.07179956531324479 40
1754790099394 0.10509225916569029 41
1754790099406 0.08127017511586913 42
1754790099419 0.06882953665354208 43
1754790099428 0.07344226800594758 44
1754790099437 0.16776853830454924 45
1754790099446 0.11752281361918034 46
1754790099456 0.05682820734191729 47
1754790099465 0.1469760153637381 48
1754790099478 0.07469880732768815 49
1754790099487 0.17900597563194562 50
1754790099496 0.09902525772566229 51
1754790099506 0.0723804873463525 52
1754790099515 0.10446210231331285 53
1754790099524 0.10101664682717929 54
1754790099537 0.10853098407779652 55
1754790099546 0.09422106341475071 56
1754790099556 0.09355355541247742 57
1754790099568 0.12661364209821588 58
1754790099583 0.09666425196047967 59
1754790099592 0.2100088104128579 60
1754790099601 0.09720994065104752 61
1754790099611 0.0746764289675049 62
1754790099624 0.07430495344608339 63
1754790099633 0.15175451831989423 64
1754790099642 0.04368956786846727 65
1754790099655 0.11360058650787312 66
1754790099666 0.2063746827498198 67
1754790099676 0.11493538426069883 68
1754790099685 0.16201354395486015 69
1754790099695 0.16616005598947278 70
1754790099707 0.09797358179502709 71
1754790099716 0.15560354156336959 72
1754790099726 0.12011704909490621 73
1754790099736 0.07523925632833332 74
1754790099749 0.14018452193371064 75
1754790099762 0.15448492899167884 76
1754790099773 0.09933344202853096 77
1754790099782 0.12222582485053142 78
1754790099792 0.08741079840961223 79
