1754790098974 0.9901050244605158 0
1754790098982 0.9901589382163434 1
1754790098992 0.9903899251893293 2
1754790099001 0.9901861577623181 3
1754790099010 0.9897480713617614 4
1754790099018 0.9902555802739517 5
1754790099031 1.0545431526780755 6
1754790099043 1.053931456541986 7
1754790099052 0.9900020769918791 8
1754790099061 0.990957581202462 9
1754790099073 1.0271436547025368 10
1754790099085 1.016020343557709 11
1754790099098 1.0235490636562703 12
1754790099107 0.9897606788651613 13
1754790099116 0.99067695951834 14
1754790099125 0.9899999999999999 15
1754790099135 0.9910893089444939 16
1754790099144 0.9878701581118137 17
1754790099156 1.008474364825422 18
1754790099164 0.9899999999999999 19
1754790099177 1.0533544067774374 20
1754790099189 1.0334749474016458 21
1754790099198 0.9895566909287048 22
1754790099207 0.9898825341551248 23
1754790099215 0.9899999999999999 24
1754790099224 0.9899999999999999 25
1754790099236 1.0046147316366518 26
1754790099249 1.0667896115131559 27
1754790099258 0.9900887335082287 28
1754790099267 0.9900737474841927 29
1754790099279 1.0629624875167085 30
1754790099288 0.9899999999999999 31
1754790099297 0.990305913173982 32
1754790099310 1.0487845910023235 33
1754790099322 1.013035796180852 34
1754790099336 0.8090704148684298 35
1754790099345 0.9901213698876974 36
1754790099357 1.048350209339895 37
1754790099367 0.9899999999999999 38
1754790099376 0.9899999999999999 39
1754790099385 0.9898821470675656 40
1754790099394 0.9901955216370522 41
1754790099406 1.0562700932008016 42
1754790099419 1.0400156104437228 43
1754790099428 0.989920147813922 44
1754790099437 0.9902619110114179 45
1754790099446 0.990152621449329 46
1754790099456 0.9899999999999999 47
1754790099465 0.9908623817370257 48
1754790099478 1.0348573031306467 49
1754790099487 0.9893234017917667 50
1754790099496 0.9899999999999999 51
1754790099506 0.9899999999999999 52
1754790099515 0.9900875349716745 53
1754790099524 0.9900672364288778 54
1754790099537 1.0345960222893502 55
1754790099546 0.9895613548260545 56
1754790099556 0.9899999999999999 57
1754790099568 1.0441985403468308 58
1754790099583 0.8315392092743678 59
1754790099592 0.9906288873604085 60
1754790099601 0.9899999999999999 61
1754790099611 0.9899215434393291 62
1754790099624 1.0423665266473479 63
1754790099633 0.9891276469100252 64
1754790099642 0.990110132653071 65
1754790099655 1.04117983749665 66
1754790099666 0.9896643907900502 67
1754790099676 0.9895485623182558 68
1754790099685 0.9889484412951387 69
1754790099695 0.9899999999999999 70
1754790099707 0.779553819481269 71
1754790099716 0.9894666982016624 72
1754790099726 0.9897904359553061 73
1754790099736 0.9900096969721537 74
1754790099749 1.028756559786373 75
1754790099762 1.0147149947017127 76
1754790099773 0.9899343154913608 77
1754790099782 0.9892797756550267 78
1754790099792 0.9899999999999999 79
