1754790098974 1.0 0
1754790098982 1.0 1
1754790098992 1.0 2
1754790099001 1.0 3
1754790099010 1.0 4
1754790099018 1.0 5
1754790099031 1.0 6
1754790099043 1.0 7
1754790099052 1.0 8
1754790099061 1.0 9
1754790099073 1.0 10
1754790099085 1.0 11
1754790099098 1.0 12
1754790099107 1.0 13
1754790099116 1.0 14
1754790099125 1.0 15
1754790099135 1.0 16
1754790099144 1.0 17
1754790099156 1.0 18
1754790099164 1.0 19
1754790099177 1.0 20
1754790099189 1.0 21
1754790099198 1.0 22
1754790099207 1.0 23
1754790099215 1.0 24
1754790099224 1.0 25
1754790099236 1.0 26
1754790099249 1.0 27
1754790099258 1.0 28
1754790099267 1.0 29
1754790099279 1.0 30
1754790099288 1.0 31
1754790099297 1.0 32
1754790099310 1.0 33
1754790099322 1.0 34
1754790099336 2.0 35
1754790099345 1.0 36
1754790099357 1.0 37
1754790099367 1.0 38
1754790099376 1.0 39
1754790099385 1.0 40
1754790099394 1.0 41
1754790099406 1.0 42
1754790099419 1.0 43
1754790099428 1.0 44
1754790099437 1.0 45
1754790099446 1.0 46
1754790099456 1.0 47
1754790099465 1.0 48
1754790099478 1.0 49
1754790099487 1.0 50
1754790099496 1.0 51
1754790099506 1.0 52
1754790099515 1.0 53
1754790099524 1.0 54
1754790099537 1.0 55
1754790099546 1.0 56
1754790099556 1.0 57
1754790099568 1.0 58
1754790099583 2.0 59
1754790099592 1.0 60
1754790099601 1.0 61
1754790099611 1.0 62
1754790099624 1.0 63
1754790099633 1.0 64
1754790099642 1.0 65
1754790099655 1.0 66
1754790099666 1.0 67
1754790099676 1.0 68
1754790099685 1.0 69
1754790099695 1.0 70
1754790099707 2.0 71
1754790099716 1.0 72
1754790099726 1.0 73
1754790099736 1.0 74
1754790099749 1.0 75
1754790099762 1.0 76
1754790099773 1.0 77
1754790099782 1.0 78
1754790099792 1.0 79
