1754790098974 0.9999999999999999 0
1754790098982 0.9999999999999999 1
1754790098992 0.9999999999999999 2
1754790099001 0.9999999999999999 3
1754790099010 0.9999999999999999 4
1754790099018 0.9999999999999999 5
1754790099031 0.9999999999999999 6
1754790099043 0.9999999999999999 7
1754790099052 0.9999999999999999 8
1754790099061 0.9999999999999999 9
1754790099073 0.9999999999999999 10
1754790099085 0.9999999999999999 11
1754790099098 0.9999999999999999 12
1754790099107 0.9999999999999999 13
1754790099116 0.9999999999999999 14
1754790099125 0.9999999999999999 15
1754790099135 0.9999999999999999 16
1754790099144 0.9999999999999999 17
1754790099156 0.9999999999999999 18
1754790099164 0.9999999999999999 19
1754790099177 0.9999999999999999 20
1754790099189 0.9999999999999999 21
1754790099198 0.9999999999999999 22
1754790099207 0.9999999999999999 23
1754790099215 0.9999999999999999 24
1754790099224 0.9999999999999999 25
1754790099236 0.9999999999999999 26
1754790099249 0.9999999999999999 27
1754790099258 0.9999999999999999 28
1754790099267 0.9999999999999999 29
1754790099279 0.9999999999999999 30
1754790099288 0.9999999999999999 31
1754790099297 0.9999999999999999 32
1754790099310 0.9999999999999999 33
1754790099322 0.9999999999999999 34
1754790099336 0.9999999999999999 35
1754790099345 0.9999999999999999 36
1754790099357 0.9999999999999999 37
1754790099367 0.9999999999999999 38
1754790099376 0.9999999999999999 39
1754790099385 0.9999999999999999 40
1754790099394 0.9999999999999999 41
1754790099406 0.9999999999999999 42
1754790099419 0.9999999999999999 43
1754790099428 0.9999999999999999 44
1754790099437 0.9999999999999999 45
1754790099446 0.9999999999999999 46
1754790099456 0.9999999999999999 47
1754790099465 0.9999999999999999 48
1754790099478 0.9999999999999999 49
1754790099487 0.9999999999999999 50
1754790099496 0.9999999999999999 51
1754790099506 0.9999999999999999 52
1754790099515 0.9999999999999999 53
1754790099524 0.9999999999999999 54
1754790099537 0.9999999999999999 55
1754790099546 0.9999999999999999 56
1754790099556 0.9999999999999999 57
1754790099568 0.9999999999999999 58
1754790099583 0.9999999999999999 59
1754790099592 0.9999999999999999 60
1754790099601 0.9999999999999999 61
1754790099611 0.9999999999999999 62
1754790099624 0.9999999999999999 63
1754790099633 0.9999999999999999 64
1754790099642 0.9999999999999999 65
1754790099655 0.9999999999999999 66
1754790099666 0.9999999999999999 67
1754790099676 0.9999999999999999 68
1754790099685 0.9999999999999999 69
1754790099695 0.9999999999999999 70
1754790099707 0.9999999999999999 71
1754790099716 0.9999999999999999 72
1754790099726 0.9999999999999999 73
1754790099736 0.9999999999999999 74
1754790099749 0.9999999999999999 75
1754790099762 0.9999999999999999 76
1754790099773 0.9999999999999999 77
1754790099782 0.9999999999999999 78
1754790099792 0.9999999999999999 79
