1754618617698 0.10102220460009814 0
1754618617759 0.11522462006992071 1
1754618617802 0.10436671926748428 2
1754618617879 0.10676786634771288 3
1754618617955 0.11310348432885615 4
1754618618015 0.101596822292647 5
1754618618179 0.10731669347100789 6
1754618618378 0.09029010365181328 7
1754618618401 0.10999776659099156 8
1754618618418 0.12529205249237996 9
1754618618523 0.09756333084718292 10
1754618618556 0.12354823902603133 11
1754618618629 0.11527011567009784 12
1754618618724 0.09772059846411556 13
1754618618739 0.13544181795194468 14
1754618618836 0.10557958181521683 15
1754618618968 0.11051997944501206 16
1754618618989 0.11052237298356218 17
1754618619171 0.0780143813207714 18
1754618619317 0.0969608843562584 19
1754618619378 0.1056074883374217 20
1754618619502 0.10499557194229532 21
1754618619558 0.10960915927028378 22
1754618619711 0.10012205274748895 23
1754618619777 0.10881933578289771 24
1754618619830 0.10561011072362489 25
1754618619940 0.12008003938743787 26
1754618619971 0.11060929458394017 27
1754618620042 0.1254333162723211 28
1754618620205 0.08608820948750046 29
1754618620238 0.12427970557791497 30
1754618620355 0.09707254050617753 31
1754618620381 0.10309129146407137 32
1754618620410 0.10380372880211211 33
1754618620425 0.11470842619129551 34
1754618620490 0.09976681254211542 35
1754618620558 0.09878885655640728 36
1754618620715 0.10020076983087187 37
1754618620846 0.10060491678018058 38
1754618620866 0.12165978612316604 39
1754618620939 0.09920898834482264 40
1754618621011 0.1160616608610674 41
1754618621159 0.10019976026984531 42
1754618621271 0.09740212916272949 43
1754618621310 0.10466336889838061 44
1754618621342 0.106514792617622 45
1754618621384 0.11061726203021238 46
1754618621444 0.12549691258366696 47
1754618621570 0.09079190267085031 48
1754618621626 0.10721864025492034 49
1754618621669 0.12639169902105615 50
1754618621752 0.12022526804087 51
1754618621847 0.09073557839569087 52
1754618621989 0.0891156353451886 53
1754618622017 0.10575449515931157 54
1754618622075 0.10759019205211617 55
1754618622100 0.11924744945358212 56
1754618622116 0.1174320757153439 57
1754618622275 0.09780354151635602 58
1754618622415 0.09250785764838518 59
1754618622600 0.07853437002078434 60
1754618622643 0.12143258415135283 61
1754618622725 0.10859932593028139 62
1754618622761 0.10578130160816265 63
1754618622792 0.12257429285112771 64
1754618622827 0.10872025211435395 65
1754618622925 0.09176729494451638 66
1754618622954 0.11304902668361269 67
1754618623076 0.09525827734092904 68
1754618623228 0.09331761854736738 69
1754618623345 0.09625441502964019 70
1754618623411 0.12120023543767829 71
1754618623574 0.10381759892855905 72
1754618623594 0.10649070498997167 73
1754618623656 0.10752523151273023 74
1754618623804 0.09203336892331497 75
1754618623925 0.09837091445617625 76
1754618623994 0.0978492842679844 77
1754618624009 0.12083113619704647 78
1754618624157 0.10604252142024277 79
