1754618617698 0.04432941630843881 0
1754618617759 0.07051427591214181 1
1754618617802 0.06875337466601676 2
1754618617879 0.056451888397834785 3
1754618617955 0.05305229997055948 4
1754618618015 0.06403653157583342 5
1754618618179 0.05323032993213066 6
1754618618378 0.04635561810544 7
1754618618401 0.08775186235232106 8
1754618618418 0.09938508716433368 9
1754618618523 0.05190380758041233 10
1754618618556 0.06927802980896554 11
1754618618629 0.06472655964476312 12
1754618618724 0.04737913761343 13
1754618618739 0.09480318705088081 14
1754618618836 0.06044966555945734 15
1754618618968 0.05347686241615342 16
1754618618989 0.0706789660947561 17
1754618619171 0.04571640547212254 18
1754618619317 0.0502460621994907 19
1754618619378 0.056184658969370235 20
1754618619502 0.04898719058798636 21
1754618619558 0.06417255778582714 22
1754618619711 0.050272681019683296 23
1754618619777 0.06717811029257725 24
1754618619830 0.07143140625034758 25
1754618619940 0.05881899603070687 26
1754618619971 0.06632209652308145 27
1754618620042 0.05330008524947353 28
1754618620205 0.044090421329273835 29
1754618620238 0.06221297937168648 30
1754618620355 0.051115131926427824 31
1754618620381 0.08385054437529756 32
1754618620410 0.10346498820272265 33
1754618620425 0.11307551697217325 34
1754618620490 0.06181997626890605 35
1754618620558 0.05933280079999925 36
1754618620715 0.054523090315400924 37
1754618620846 0.051067730082716666 38
1754618620866 0.08756168431008127 39
1754618620939 0.04813358164995196 40
1754618621011 0.07410353670407127 41
1754618621159 0.04535141270159925 42
1754618621271 0.05738374529329511 43
1754618621310 0.053655884604894254 44
1754618621342 0.08812181494470188 45
1754618621384 0.06006905660070618 46
1754618621444 0.04623911726494529 47
1754618621570 0.05025822699514067 48
1754618621626 0.07144657014462019 49
1754618621669 0.0818481489550806 50
1754618621752 0.057292554599426795 51
1754618621847 0.0626644211662051 52
1754618621989 0.0504425880492068 53
1754618622017 0.08717275542520318 54
1754618622075 0.09164357227188483 55
1754618622100 0.07737161203126615 56
1754618622116 0.09772229356708141 57
1754618622275 0.05936648332524952 58
1754618622415 0.05193515307668961 59
1754618622600 0.03315520836094436 60
1754618622643 0.07384565971793787 61
1754618622725 0.07594084296667777 62
1754618622761 0.07916098092460364 63
1754618622792 0.08538906628226937 64
1754618622827 0.053597787957045694 65
1754618622925 0.05139402897821597 66
1754618622954 0.07229332262134328 67
1754618623076 0.0510166973895678 68
1754618623228 0.047943518771181 69
1754618623345 0.04690773562988019 70
1754618623411 0.05799693769749228 71
1754618623574 0.04795001478961469 72
1754618623594 0.08603647578660542 73
1754618623656 0.06482776728141888 74
1754618623804 0.06080023336415785 75
1754618623925 0.042682013318922365 76
1754618623994 0.0614385641028666 77
1754618624009 0.10383852021522566 78
1754618624157 0.042633142458385564 79
