1754618617698 0.044311725717756545 0
1754618617759 0.09707045736554072 1
1754618617802 0.08988665155900524 2
1754618617879 0.07644908413141102 3
1754618617955 0.07921002534901281 4
1754618618015 0.11356288449934482 5
1754618618179 0.0668667835573384 6
1754618618378 0.17031712322404413 7
1754618618401 0.08317735952282046 8
1754618618418 0.07610288395292404 9
1754618618523 0.14771510951789607 10
1754618618556 0.0679479627791423 11
1754618618629 0.12595100787357544 12
1754618618724 0.06989593753522065 13
1754618618739 0.18045661730732068 14
1754618618836 0.14360304885693917 15
1754618618968 0.09305990845556611 16
1754618618989 0.11168586981833464 17
1754618619171 0.05456279532597197 18
1754618619317 0.07556889576089816 19
1754618619378 0.09312943239052932 20
1754618619502 0.13104762450943336 21
1754618619558 0.10136271361799203 22
1754618619711 0.11997784245081373 23
1754618619777 0.08633470861860673 24
1754618619830 0.1989180834404415 25
1754618619940 0.134768175037307 26
1754618619971 0.17485366160975407 27
1754618620042 0.11841913054723588 28
1754618620205 0.12175052144455698 29
1754618620238 0.1446604850482931 30
1754618620355 0.15987365660358038 31
1754618620381 0.12977279301237948 32
1754618620410 0.09042199561969558 33
1754618620425 0.062082353670577996 34
1754618620490 0.08379979414151802 35
1754618620558 0.1686883792265979 36
1754618620715 0.09192897893806898 37
1754618620846 0.10435823990190798 38
1754618620866 0.07881568211229553 39
1754618620939 0.07248050083208515 40
1754618621011 0.07164968375726506 41
1754618621159 0.16129942812059941 42
1754618621271 0.1173360978002103 43
1754618621310 0.060745444780318535 44
1754618621342 0.14727110222851286 45
1754618621384 0.07630742360800635 46
1754618621444 0.17914989718409516 47
1754618621570 0.09757969494313165 48
1754618621626 0.061065680018719884 49
1754618621669 0.10578366438880256 50
1754618621752 0.0997833614422758 51
1754618621847 0.11795954093091066 52
1754618621989 0.10245679701594472 53
1754618622017 0.0930117601315299 54
1754618622075 0.13014948248737657 55
1754618622100 0.09463970731352803 56
1754618622116 0.2111655935750676 57
1754618622275 0.1157648715858544 58
1754618622415 0.08372880063516952 59
1754618622600 0.08086055163581189 60
1754618622643 0.1531239384460182 61
1754618622725 0.04950920757937229 62
1754618622761 0.11319469033481902 63
1754618622792 0.20550851828163683 64
1754618622827 0.11357902368599912 65
1754618622925 0.16731470392621012 66
1754618622954 0.16660259671899807 67
1754618623076 0.0994385267258954 68
1754618623228 0.15772001466676588 69
1754618623345 0.12168739928860077 70
1754618623411 0.07449044142929769 71
1754618623574 0.1363701563464252 72
1754618623594 0.15417045761223883 73
1754618623656 0.09860400724768219 74
1754618623804 0.12530038796519136 75
1754618623925 0.08692102633750523 76
1754618623994 0.08402294993052681 77
1754618624009 0.16722520143555553 78
1754618624157 0.10953616931783614 79
