1754618617698 -1.9417241165312475 0
1754618617759 -0.887024993518417 1
1754618617802 -0.5212260952252044 2
1754618617879 -1.005817366701758 3
1754618617955 -0.9600779685387083 4
1754618618015 -0.6435606175812323 5
1754618618179 -1.9286563907317502 6
1754618618378 -1.9456099779339635 7
1754618618401 -0.27375196601010526 8
1754618618418 -0.1770860391692538 9
1754618618523 -1.4516913515285175 10
1754618618556 -0.4012485510835913 11
1754618618629 -1.1013687754644013 12
1754618618724 -1.352618223534716 13
1754618618739 -0.10426456546254578 14
1754618618836 -1.182209721682887 15
1754618618968 -1.9390989666916076 16
1754618618989 -0.1612808715134591 17
1754618619171 -1.931795546383729 18
1754618619317 -1.9345971764885794 19
1754618619378 -0.6916974057868605 20
1754618619502 -1.6120155059929215 21
1754618619558 -0.7992150647028226 22
1754618619711 -1.9388114389644373 23
1754618619777 -1.025123282054205 24
1754618619830 -0.728179749109811 25
1754618619940 -1.3798739062877312 26
1754618619971 -0.357710487574151 27
1754618620042 -0.8939025550501828 28
1754618620205 -1.922476380955393 29
1754618620238 -0.2525592607350252 30
1754618620355 -1.3396817902810079 31
1754618620381 -0.2972133543494174 32
1754618620410 -0.4658021086509753 33
1754618620425 -0.2007191826684242 34
1754618620490 -0.7937902556086827 35
1754618620558 -0.7810510414769984 36
1754618620715 -1.944235592766866 37
1754618620846 -1.6129740195098912 38
1754618620866 -0.2251504336456118 39
1754618620939 -0.9709336819551109 40
1754618621011 -0.6944324957147998 41
1754618621159 -1.9418433764798915 42
1754618621271 -1.465240613428283 43
1754618621310 -0.382803752128814 44
1754618621342 -0.40901334412103446 45
1754618621384 -0.46118020015297556 46
1754618621444 -0.7250034039999568 47
1754618621570 -1.7995375519404295 48
1754618621626 -0.898393311465668 49
1754618621669 -0.6306347566172171 50
1754618621752 -1.0563680676179168 51
1754618621847 -1.4518953246928619 52
1754618621989 -1.951270940167976 53
1754618622017 -0.36738964653257183 54
1754618622075 -0.28849146233884676 55
1754618622100 -0.18859378827086914 56
1754618622116 -0.13292935581936244 57
1754618622275 -1.945707534889679 58
1754618622415 -1.9330613948672788 59
1754618622600 -1.940040629382066 60
1754618622643 -0.5298589847507832 61
1754618622725 -0.8954878511306675 62
1754618622761 -0.41553713675240617 63
1754618622792 -0.505973373679435 64
1754618622827 -0.320651054261273 65
1754618622925 -1.1293758949444828 66
1754618622954 -0.2731243292313175 67
1754618623076 -1.9232686300568484 68
1754618623228 -1.942056841795006 69
1754618623345 -1.50883032658906 70
1754618623411 -0.8113608646928157 71
1754618623574 -1.9165404945866151 72
1754618623594 -0.20594040043728934 73
1754618623656 -0.6395332453565817 74
1754618623804 -1.957327752984424 75
1754618623925 -1.422594927842723 76
1754618623994 -0.9847533985963057 77
1754618624009 -0.20307503101626306 78
1754618624157 -1.9454499122593198 79
