1754618617698 200.0 0
1754618617759 91.0 1
1754618617802 56.0 2
1754618617879 105.0 3
1754618617955 101.0 4
1754618618015 70.0 5
1754618618179 200.0 6
1754618618378 200.0 7
1754618618401 29.0 8
1754618618418 19.0 9
1754618618523 151.0 10
1754618618556 45.0 11
1754618618629 115.0 12
1754618618724 141.0 13
1754618618739 12.0 14
1754618618836 124.0 15
1754618618968 200.0 16
1754618618989 19.0 17
1754618619171 200.0 18
1754618619317 200.0 19
1754618619378 74.0 20
1754618619502 167.0 21
1754618619558 84.0 22
1754618619711 200.0 23
1754618619777 108.0 24
1754618619830 76.0 25
1754618619940 144.0 26
1754618619971 40.0 27
1754618620042 94.0 28
1754618620205 200.0 29
1754618620238 28.0 30
1754618620355 140.0 31
1754618620381 33.0 32
1754618620410 48.0 33
1754618620425 20.0 34
1754618620490 85.0 35
1754618620558 84.0 36
1754618620715 200.0 37
1754618620846 167.0 38
1754618620866 24.0 39
1754618620939 102.0 40
1754618621011 75.0 41
1754618621159 200.0 42
1754618621271 152.0 43
1754618621310 43.0 44
1754618621342 44.0 45
1754618621384 51.0 46
1754618621444 77.0 47
1754618621570 186.0 48
1754618621626 94.0 49
1754618621669 66.0 50
1754618621752 110.0 51
1754618621847 150.0 52
1754618621989 200.0 53
1754618622017 40.0 54
1754618622075 30.0 55
1754618622100 21.0 56
1754618622116 15.0 57
1754618622275 200.0 58
1754618622415 200.0 59
1754618622600 200.0 60
1754618622643 56.0 61
1754618622725 93.0 62
1754618622761 44.0 63
1754618622792 52.0 64
1754618622827 37.0 65
1754618622925 118.0 66
1754618622954 30.0 67
1754618623076 197.0 68
1754618623228 200.0 69
1754618623345 156.0 70
1754618623411 86.0 71
1754618623574 197.0 72
1754618623594 22.0 73
1754618623656 69.0 74
1754618623804 200.0 75
1754618623925 148.0 76
1754618623994 103.0 77
1754618624009 20.0 78
1754618624157 200.0 79
