1754618617698 0.6755078886572831 0
1754618617759 0.700677402486931 1
1754618617802 0.708976455536414 2
1754618617879 0.6789078472760677 3
1754618617955 0.6885365941342867 4
1754618618015 0.6404791379641207 5
1754618618179 0.7588861325069786 6
1754618618378 0.7017596055265221 7
1754618618401 0.653317917209176 8
1754618618418 0.6682001289929898 9
1754618618523 0.7169122618967276 10
1754618618556 0.7032692085797143 11
1754618618629 0.7266195189151043 12
1754618618724 0.6694683100604186 13
1754618618739 0.8042074720895211 14
1754618618836 0.7771880684877023 15
1754618618968 0.6844081161522336 16
1754618618989 0.6811366449768059 17
1754618619171 0.7102670142925062 18
1754618619317 0.7196244957164071 19
1754618619378 0.6495180637719741 20
1754618619502 0.7365939968741647 21
1754618619558 0.7512676679490001 22
1754618619711 0.6804383864996345 23
1754618619777 0.6977504056050934 24
1754618619830 0.721088642805976 25
1754618619940 0.6712249191207841 26
1754618619971 0.7215846871761253 27
1754618620042 0.7677351580429559 28
1754618620205 0.7946616597327344 29
1754618620238 0.6427887433305155 30
1754618620355 0.7122735684145615 31
1754618620381 0.670818476802954 32
1754618620410 0.691411525887553 33
1754618620425 0.6607795652313191 34
1754618620490 0.6944183221393649 35
1754618620558 0.6760935240177128 36
1754618620715 0.7364423377763252 37
1754618620846 0.6781271430296634 38
1754618620866 0.7137357076395976 39
1754618620939 0.7137026830463007 40
1754618621011 0.679408613649636 41
1754618621159 0.7131669202130952 42
1754618621271 0.7143226314095932 43
1754618621310 0.7154734669405748 44
1754618621342 0.6653619767823816 45
1754618621384 0.709609350517469 46
1754618621444 0.7255687566647484 47
1754618621570 0.6881767642248494 48
1754618621626 0.6791637984901785 49
1754618621669 0.6919160471810031 50
1754618621752 0.7361239422644328 51
1754618621847 0.7214544393523868 52
1754618621989 0.6651787015286155 53
1754618622017 0.74004875407988 54
1754618622075 0.69971797557355 55
1754618622100 0.6557777901785508 56
1754618622116 0.7081586189521522 57
1754618622275 0.6889101820811236 58
1754618622415 0.6325543359009786 59
1754618622600 0.7041389970179368 60
1754618622643 0.6921794470143828 61
1754618622725 0.6882020743651229 62
1754618622761 0.6872696668121115 63
1754618622792 0.7113805041795074 64
1754618622827 0.6899558993450816 65
1754618622925 0.6919603174676402 66
1754618622954 0.6990789807822975 67
1754618623076 0.7142125613174263 68
1754618623228 0.7724345377308798 69
1754618623345 0.6524169358840638 70
1754618623411 0.6907158520392155 71
1754618623574 0.6786153494161202 72
1754618623594 0.7499072225616765 73
1754618623656 0.6174657279307463 74
1754618623804 0.6256640663347887 75
1754618623925 0.699958078115807 76
1754618623994 0.7330536272035179 77
1754618624009 0.6571163058609639 78
1754618624157 0.7106288262724915 79
