1754623778776 0.1254143285204287 0
1754623778835 0.11171202985857642 1
1754623778885 0.11489693167472995 2
1754623778921 0.10743965884358468 3
1754623778952 0.11103925205923786 4
1754623778991 0.11923589414949501 5
1754623779089 0.10417160157412733 6
1754623779119 0.12381516415358233 7
1754623779166 0.1104623092550087 8
1754623779223 0.10977518581261676 9
1754623779249 0.1261643938609888 10
1754623779273 0.10960491746416294 11
1754623779294 0.12462763157814236 12
1754623779315 0.12127443144580885 13
1754623779400 0.10449866532306595 14
1754623779433 0.1334058325854595 15
1754623779535 0.11347249716366034 16
1754623779612 0.11834556951952405 17
1754623779645 0.11032752945222604 18
1754623779724 0.09934310158530144 19
1754623779755 0.10960530183266852 20
1754623779861 0.10487325190535764 21
1754623779965 0.11553403934830961 22
1754623780073 0.10989893158783334 23
1754623780097 0.12401082642406211 24
1754623780125 0.11092075546789235 25
1754623780184 0.10718847338388282 26
1754623780214 0.13038094953712667 27
1754623780305 0.10950039135284284 28
1754623780347 0.13031164678324728 29
1754623780376 0.09779649833930383 30
1754623780439 0.12635608440376347 31
1754623780461 0.11061754479985045 32
1754623780473 0.10442411278068317 33
1754623780495 0.10547274417031918 34
1754623780522 0.11444772080904153 35
1754623780573 0.10306237752656826 36
1754623780698 0.09992029836222642 37
1754623780763 0.11018636598387718 38
1754623780841 0.1046065782657631 39
1754623780864 0.12153510811275667 40
1754623780912 0.10485285586754314 41
1754623780953 0.11868819291948692 42
1754623781020 0.114976297952109 43
1754623781071 0.10496485012012333 44
1754623781100 0.10480891693213465 45
1754623781146 0.10929086454397921 46
1754623781187 0.11338695174946681 47
1754623781254 0.13053233346951265 48
1754623781308 0.10181563118542203 49
1754623781471 0.10239851814949426 50
1754623781497 0.13449686069062178 51
1754623781526 0.13117029350750112 52
1754623781603 0.09361843877018768 53
1754623781637 0.10603197152435125 54
1754623781655 0.10512010994163504 55
1754623781695 0.10786524495983259 56
1754623781720 0.12016715424472646 57
1754623781785 0.11587131892873818 58
1754623781809 0.11746059201843562 59
1754623781836 0.1074810822150414 60
1754623781982 0.0978333862568598 61
1754623782004 0.12462532427260667 62
1754623782054 0.11578501510933877 63
1754623782104 0.10619745173225344 64
1754623782170 0.11992972667126447 65
1754623782208 0.10718105361104839 66
1754623782580 0.08702528572586485 67
1754623782627 0.11564576486519687 68
1754623782911 0.09990532385993728 69
1754623782923 0.10936394549487202 70
1754623782980 0.10808272938755889 71
1754623783089 0.12360361932009893 72
1754623783191 0.11141499213224756 73
1754623783242 0.10452604504501177 74
1754623783328 0.11076642338351399 75
1754623783468 0.09963861673439967 76
1754623783492 0.11360188370138595 77
1754623783590 0.10095606742645287 78
1754623783624 0.12008776038783982 79
1754623783720 0.11301485921043417 80
1754623783731 0.11931723259416602 81
1754623783872 0.11091015531747586 82
1754623784038 0.12013983598604683 83
1754623784085 0.11948638222776838 84
1754623784121 0.1181988313750196 85
1754623784154 0.12129551876815517 86
1754623784371 0.09069964969617675 87
1754623784386 0.10667194769416807 88
1754623784535 0.10931992069011201 89
1754623784594 0.10851795728879232 90
1754623784648 0.10876726030007733 91
1754623784734 0.12481165448577977 92
1754623784769 0.11636131302114756 93
1754623784936 0.10883539981513679 94
1754623784948 0.12404639468183813 95
1754623784985 0.11573653583141057 96
1754623785160 0.11048473347710915 97
1754623785177 0.105232692350079 98
1754623785238 0.11424854133090065 99
