1754623778776 0.06604100277167708 0
1754623778835 0.06340322985748836 1
1754623778885 0.06735086925217253 2
1754623778921 0.07817184521805076 3
1754623778952 0.07907621921610676 4
1754623778991 0.0853197409604823 5
1754623779089 0.07216027266458223 6
1754623779119 0.09795470993790847 7
1754623779166 0.06874922620925476 8
1754623779223 0.08714799077263687 9
1754623779249 0.10240359128373974 10
1754623779273 0.08923901782458196 11
1754623779294 0.10987186338395989 12
1754623779315 0.09915660510190541 13
1754623779400 0.06262478654288708 14
1754623779433 0.07037013252770263 15
1754623779535 0.07557438594929443 16
1754623779612 0.08323676098964153 17
1754623779645 0.07632172319439909 18
1754623779724 0.06474358268646092 19
1754623779755 0.09659550406142012 20
1754623779861 0.05619181570073275 21
1754623779965 0.05761141212509965 22
1754623780073 0.06556408944596095 23
1754623780097 0.0944537273286795 24
1754623780125 0.09824948935990355 25
1754623780184 0.07066606467431258 26
1754623780214 0.09640362876853466 27
1754623780305 0.06791499690816641 28
1754623780347 0.07935107344506659 29
1754623780376 0.07421028029562712 30
1754623780439 0.05551479125017387 31
1754623780461 0.09111435140071815 32
1754623780473 0.11641496603615342 33
1754623780495 0.11798126365642866 34
1754623780522 0.09854901931092357 35
1754623780573 0.07355926268196596 36
1754623780698 0.06498701839406498 37
1754623780763 0.07480118953049866 38
1754623780841 0.06561542886931011 39
1754623780864 0.08622048340874025 40
1754623780912 0.07223607838083783 41
1754623780953 0.09937470670686976 42
1754623781020 0.07560869749459308 43
1754623781071 0.08523828953609568 44
1754623781100 0.08685161432354785 45
1754623781146 0.10727370167900789 46
1754623781187 0.08446630899041031 47
1754623781254 0.061581345254292416 48
1754623781308 0.07626738285590981 49
1754623781471 0.05604831944531084 50
1754623781497 0.09790575829802098 51
1754623781526 0.08870245449237361 52
1754623781603 0.07886991997401425 53
1754623781637 0.08476387916524866 54
1754623781655 0.11007711060628067 55
1754623781695 0.08825992715872862 56
1754623781720 0.088161724745765 57
1754623781785 0.0797299905934424 58
1754623781809 0.10536517409929332 59
1754623781836 0.09943767820505511 60
1754623781982 0.04605814704901216 61
1754623782004 0.10432177927577979 62
1754623782054 0.08748627086819638 63
1754623782104 0.0711885901106956 64
1754623782170 0.06867197205922887 65
1754623782208 0.08481148130409102 66
1754623782580 0.0499012053813873 67
1754623782627 0.08122119328743631 68
1754623782911 0.045833059973262175 69
1754623782923 0.09745457791715186 70
1754623782980 0.07102963586724372 71
1754623783089 0.05793692447690464 72
1754623783191 0.05400041743673525 73
1754623783242 0.06962671682043503 74
1754623783328 0.06843943935006679 75
1754623783468 0.06751854651796649 76
1754623783492 0.08754530195324733 77
1754623783590 0.06439071011217365 78
1754623783624 0.09642211689958156 79
1754623783720 0.056175369653047105 80
1754623783731 0.11070547588718874 81
1754623783872 0.06645287119234275 82
1754623784038 0.05548942887464627 83
1754623784085 0.07657713773639344 84
1754623784121 0.09889105619928633 85
1754623784154 0.08802252929607593 86
1754623784371 0.046712799841910034 87
1754623784386 0.10452417314882659 88
1754623784535 0.056390036215087244 89
1754623784594 0.0647735316462632 90
1754623784648 0.07549383959437594 91
1754623784734 0.06656799799799669 92
1754623784769 0.08944946421908127 93
1754623784936 0.04858808657406548 94
1754623784948 0.10630653066533602 95
1754623784985 0.07921385336198077 96
1754623785160 0.06505144087387982 97
1754623785177 0.11425034757831116 98
1754623785238 0.09147393465149518 99
