1754623778776 0.07884714115382394 0
1754623778835 0.03729858212260488 1
1754623778885 0.09862291476802856 2
1754623778921 0.09230744330310792 3
1754623778952 0.07518388178141233 4
1754623778991 0.08026347166233823 5
1754623779089 0.115072950141999 6
1754623779119 0.06083623428869345 7
1754623779166 0.1497202422672709 8
1754623779223 0.07927069376120226 9
1754623779249 0.07521582782774469 10
1754623779273 0.1501956851747787 11
1754623779294 0.06644417778294845 12
1754623779315 0.12338106616954984 13
1754623779400 0.07657972291502127 14
1754623779433 0.17993842899023776 15
1754623779535 0.14483202299857928 16
1754623779612 0.08736164994646547 17
1754623779645 0.11152346339262405 18
1754623779724 0.06293338860306452 19
1754623779755 0.07626377567130653 20
1754623779861 0.09353633705837545 21
1754623779965 0.12980169553390458 22
1754623780073 0.10024851519899887 23
1754623780097 0.11739470426690488 24
1754623780125 0.09257744310528473 25
1754623780184 0.20178895381579362 26
1754623780214 0.13472023856594112 27
1754623780305 0.17627121084452266 28
1754623780347 0.11940886424845107 29
1754623780376 0.12533952563197825 30
1754623780439 0.14425306231388485 31
1754623780461 0.17115432056369356 32
1754623780473 0.131035994381638 33
1754623780495 0.0866796406642413 34
1754623780522 0.060029161168430004 35
1754623780573 0.07750749192431261 36
1754623780698 0.1678993993844486 37
1754623780763 0.08205419092981074 38
1754623780841 0.10330538781590821 39
1754623780864 0.08096745949719661 40
1754623780912 0.06867623152830102 41
1754623780953 0.07258803243921293 42
1754623781020 0.1759930822852313 43
1754623781071 0.11508090925330183 44
1754623781100 0.05928748426008159 45
1754623781146 0.15269035463504393 46
1754623781187 0.07499712087210604 47
1754623781254 0.18007521797869597 48
1754623781308 0.09809551492247089 49
1754623781471 0.0641657989276391 50
1754623781497 0.10182229018298852 51
1754623781526 0.09995715967386012 52
1754623781603 0.11372436410618772 53
1754623781637 0.0952214830450279 54
1754623781655 0.09355355541247742 55
1754623781695 0.12809564324423767 56
1754623781720 0.09196100604285604 57
1754623781785 0.20752893406635842 58
1754623781809 0.09918730375312154 59
1754623781836 0.07346223926780553 60
1754623781982 0.0833759976313166 61
1754623782004 0.15252477309163498 62
1754623782054 0.04773090546755441 63
1754623782104 0.11420309137921407 64
1754623782170 0.20839684996998714 65
1754623782208 0.11622224622481596 66
1754623782580 0.17021824806038327 67
1754623782627 0.16504814676266247 68
1754623782911 0.12987720835913769 69
1754623782923 0.15514717947992196 70
1754623782980 0.12227319908085085 71
1754623783089 0.06829583048539459 72
1754623783191 0.14104924584653666 73
1754623783242 0.15365150965949326 74
1754623783328 0.09621520747967764 75
1754623783468 0.1287760741960911 76
1754623783492 0.08798170739567439 77
1754623783590 0.08644252641559529 78
1754623783624 0.16378825843434494 79
1754623783720 0.09649823982597017 80
1754623783731 0.14239504250584023 81
1754623783872 0.060508808887840715 82
1754623784038 0.10526546127571965 83
1754623784085 0.16646684839822576 84
1754623784121 0.12842719235404304 85
1754623784154 0.1179705226068446 86
1754623784371 0.07405827133913814 87
1754623784386 0.1511424001562302 88
1754623784535 0.11437660857653639 89
1754623784594 0.1283399623729089 90
1754623784648 0.16546010101422848 91
1754623784734 0.09718536526921114 92
1754623784769 0.024109257817935513 93
1754623784936 0.09218459663641063 94
1754623784948 0.11648297889043117 95
1754623784985 0.10330250535651597 96
1754623785160 0.14093704107705368 97
1754623785177 0.18059471751437642 98
1754623785238 0.14903347593078103 99
