1754623778776 -0.5591567208914895 0
1754623778835 -0.28186525402437096 1
1754623778885 -0.29469854122408484 2
1754623778921 -0.15025066979244076 3
1754623778952 -0.1289728863279158 4
1754623778991 -0.19337166993863167 5
1754623779089 -0.4889444662882022 6
1754623779119 -0.14550529360971232 7
1754623779166 -0.20814401482479206 8
1754623779223 -0.357252858305188 9
1754623779249 -0.1079280772393559 10
1754623779273 -0.10375533786946115 11
1754623779294 -0.11162661974074055 12
1754623779315 -0.08377093456347573 13
1754623779400 -0.42442102848117524 14
1754623779433 -0.16904124671794013 15
1754623779535 -0.4405364890848338 16
1754623779612 -0.44662756764968825 17
1754623779645 -0.11652082445750864 18
1754623779724 -0.38132355788471406 19
1754623779755 -0.18437258504208134 20
1754623779861 -0.48804571619276343 21
1754623779965 -0.49368592887265483 22
1754623780073 -0.5055433127528839 23
1754623780097 -0.154472377140247 24
1754623780125 -0.16005702721050857 25
1754623780184 -0.34456983233421823 26
1754623780214 -0.15909028108350465 27
1754623780305 -0.5134904487078962 28
1754623780347 -0.2090618849237477 29
1754623780376 -0.09455179817832393 30
1754623780439 -0.30462096364734703 31
1754623780461 -0.13178169156854447 32
1754623780473 -0.06931839068759227 33
1754623780495 -0.12972712933800234 34
1754623780522 -0.16736723171263798 35
1754623780573 -0.24091321465364093 36
1754623780698 -0.6140050804025184 37
1754623780763 -0.27878014802164724 38
1754623780841 -0.3965290327980618 39
1754623780864 -0.10485122508361787 40
1754623780912 -0.2260417955985631 41
1754623780953 -0.17225973180460336 42
1754623781020 -0.30958201243490313 43
1754623781071 -0.233299230021804 44
1754623781100 -0.15635257986391313 45
1754623781146 -0.33473056710702564 46
1754623781187 -0.18451816055281123 47
1754623781254 -0.2804558837662816 48
1754623781308 -0.2647221295479974 49
1754623781471 -0.8278798037301602 50
1754623781497 -0.14765766968170907 51
1754623781526 -0.1179684138496899 52
1754623781603 -0.4159895572950344 53
1754623781637 -0.1614530841823978 54
1754623781655 -0.08180823856697783 55
1754623781695 -0.2127422537930698 56
1754623781720 -0.10781032379798863 57
1754623781785 -0.3102251656680253 58
1754623781809 -0.13788798942344607 59
1754623781836 -0.15222619444273447 60
1754623781982 -0.8064382562131002 61
1754623782004 -0.15089717386799717 62
1754623782054 -0.2567206921202241 63
1754623782104 -0.2163432134703941 64
1754623782170 -0.3492651520842666 65
1754623782208 -0.1826651722681934 66
1754623782580 -1.4799789532155958 67
1754623782627 -0.2098961857427006 68
1754623782911 -1.644399428667162 69
1754623782923 -0.06017480882494889 70
1754623782980 -0.3034001279153717 71
1754623783089 -0.545439111901992 72
1754623783191 -0.5731487600713562 73
1754623783242 -0.2091261088331839 74
1754623783328 -0.45976893056599744 75
1754623783468 -0.7668423020167684 76
1754623783492 -0.11889918808955112 77
1754623783590 -0.5027876565988129 78
1754623783624 -0.22375714482568504 79
1754623783720 -0.4527522986545559 80
1754623783731 -0.060000000000000005 81
1754623783872 -0.7687587661205355 82
1754623784038 -0.7908755002510526 83
1754623784085 -0.23238653609537951 84
1754623784121 -0.19702244550199416 85
1754623784154 -0.1747006659335568 86
1754623784371 -1.1110876540915724 87
1754623784386 -0.04765043947957454 88
1754623784535 -0.8042268378984734 89
1754623784594 -0.21633465164864463 90
1754623784648 -0.2688579873364001 91
1754623784734 -0.4337166241449066 92
1754623784769 -0.18750132779387313 93
1754623784936 -0.7033729797228513 94
1754623784948 -0.059811684315544796 95
1754623784985 -0.1692732659939691 96
1754623785160 -0.9388224073972589 97
1754623785177 -0.07462458823944343 98
1754623785238 -0.3187329782800887 99
