1754623778776 60.0 0
1754623778835 32.0 1
1754623778885 32.0 2
1754623778921 18.0 3
1754623778952 15.0 4
1754623778991 21.0 5
1754623779089 54.0 6
1754623779119 17.0 7
1754623779166 24.0 8
1754623779223 38.0 9
1754623779249 12.0 10
1754623779273 12.0 11
1754623779294 12.0 12
1754623779315 10.0 13
1754623779400 46.0 14
1754623779433 21.0 15
1754623779535 49.0 16
1754623779612 48.0 17
1754623779645 14.0 18
1754623779724 43.0 19
1754623779755 20.0 20
1754623779861 54.0 21
1754623779965 54.0 22
1754623780073 55.0 23
1754623780097 17.0 24
1754623780125 18.0 25
1754623780184 38.0 26
1754623780214 18.0 27
1754623780305 56.0 28
1754623780347 23.0 29
1754623780376 13.0 30
1754623780439 34.0 31
1754623780461 14.0 32
1754623780473 7.0 33
1754623780495 13.0 34
1754623780522 18.0 35
1754623780573 29.0 36
1754623780698 67.0 37
1754623780763 31.0 38
1754623780841 44.0 39
1754623780864 12.0 40
1754623780912 25.0 41
1754623780953 20.0 42
1754623781020 33.0 43
1754623781071 26.0 44
1754623781100 17.0 45
1754623781146 34.0 46
1754623781187 21.0 47
1754623781254 31.0 48
1754623781308 30.0 49
1754623781471 89.0 50
1754623781497 16.0 51
1754623781526 13.0 52
1754623781603 45.0 53
1754623781637 18.0 54
1754623781655 9.0 55
1754623781695 23.0 56
1754623781720 12.0 57
1754623781785 35.0 58
1754623781809 15.0 59
1754623781836 17.0 60
1754623781982 85.0 61
1754623782004 15.0 62
1754623782054 28.0 63
1754623782104 25.0 64
1754623782170 38.0 65
1754623782208 20.0 66
1754623782580 154.0 67
1754623782627 23.0 68
1754623782911 170.0 69
1754623782923 6.0 70
1754623782980 33.0 71
1754623783089 60.0 72
1754623783191 62.0 73
1754623783242 24.0 74
1754623783328 51.0 75
1754623783468 80.0 76
1754623783492 13.0 77
1754623783590 55.0 78
1754623783624 23.0 79
1754623783720 50.0 80
1754623783731 6.0 81
1754623783872 84.0 82
1754623784038 84.0 83
1754623784085 26.0 84
1754623784121 21.0 85
1754623784154 20.0 86
1754623784371 118.0 87
1754623784386 6.0 88
1754623784535 84.0 89
1754623784594 25.0 90
1754623784648 29.0 91
1754623784734 48.0 92
1754623784769 21.0 93
1754623784936 75.0 94
1754623784948 6.0 95
1754623784985 20.0 96
1754623785160 98.0 97
1754623785177 9.0 98
1754623785238 35.0 99
