1754623778776 0.6269070665240198 0
1754623778835 0.6709339929156322 1
1754623778885 0.7006166768225374 2
1754623778921 0.7105807473932627 3
1754623778952 0.6777440572931822 4
1754623778991 0.6880370568809482 5
1754623779089 0.6439740631672264 6
1754623779119 0.7537463350004711 7
1754623779166 0.6913207362611204 8
1754623779223 0.6572598204536 9
1754623779249 0.669933066979704 10
1754623779273 0.7134237736283946 11
1754623779294 0.7027330809994623 12
1754623779315 0.7273624344211587 13
1754623779400 0.6662530467333159 14
1754623779433 0.8047386421524072 15
1754623779535 0.7846005085464122 16
1754623779612 0.6837902845130904 17
1754623779645 0.6814582459195441 18
1754623779724 0.7139514766444048 19
1754623779755 0.7165459689800379 20
1754623779861 0.6533803624313566 21
1754623779965 0.7329248310437795 22
1754623780073 0.7557738523495758 23
1754623780097 0.6776669255408654 24
1754623780125 0.6970094067594548 25
1754623780184 0.7253686531932095 26
1754623780214 0.6695692088271549 27
1754623780305 0.7281064010448496 28
1754623780347 0.7691216832155912 29
1754623780376 0.7845006035698661 30
1754623780439 0.643825140929477 31
1754623780461 0.705813218581371 32
1754623780473 0.6719094628102642 33
1754623780495 0.6901316031765046 34
1754623780522 0.6585784222747816 35
1754623780573 0.6958884983988635 36
1754623780698 0.6783992127651841 37
1754623780763 0.7272384877325123 38
1754623780841 0.6785934024850855 39
1754623780864 0.713769603992701 40
1754623780912 0.7107949314818417 41
1754623780953 0.6773217219036045 42
1754623781020 0.7130323961333923 43
1754623781071 0.7129909647854179 44
1754623781100 0.7143913886640106 45
1754623781146 0.661506266733962 46
1754623781187 0.7100134911393872 47
1754623781254 0.7259211652850708 48
1754623781308 0.6892592524677197 49
1754623781471 0.6858291149808363 50
1754623781497 0.6889700563565442 51
1754623781526 0.7360203950413983 52
1754623781603 0.7214481171456609 53
1754623781637 0.6657001916447766 54
1754623781655 0.7388054148670251 55
1754623781695 0.7010566193846012 56
1754623781720 0.6560120167305941 57
1754623781785 0.7110521763754958 58
1754623781809 0.6844396344050331 59
1754623781836 0.6257587807702055 60
1754623781982 0.7019020318727215 61
1754623782004 0.6913177947778189 62
1754623782054 0.6876255102211756 63
1754623782104 0.688995399802413 64
1754623782170 0.7128157973958102 65
1754623782208 0.6904770859546149 66
1754623782580 0.7013162076667845 67
1754623782627 0.7004577699588396 68
1754623782911 0.7331174661074282 69
1754623782923 0.7625412122534844 70
1754623782980 0.6522619346912405 71
1754623783089 0.6934802861374998 72
1754623783191 0.6803970313285552 73
1754623783242 0.7500522812232387 74
1754623783328 0.6196473149059761 75
1754623783468 0.6246056735717018 76
1754623783492 0.699047447032388 77
1754623783590 0.7391813034528514 78
1754623783624 0.6572993172352926 79
1754623783720 0.710349702325983 80
1754623783731 0.7003727938843133 81
1754623783872 0.6507251711372524 82
1754623784038 0.7141380810640647 83
1754623784085 0.6678144673531605 84
1754623784121 0.6895199634278666 85
1754623784154 0.6885893147149438 86
1754623784371 0.7217440560434558 87
1754623784386 0.7337303362366642 88
1754623784535 0.693424125826921 89
1754623784594 0.692051561589376 90
1754623784648 0.7446460425505409 91
1754623784734 0.6812563283837498 92
1754623784769 0.6505369048287568 93
1754623784936 0.743108287597233 94
1754623784948 0.6734071263513848 95
1754623784985 0.6721293106115358 96
1754623785160 0.65984777476688 97
1754623785177 0.7707346345248214 98
1754623785238 0.7146063672967173 99
