1754790102702 0.12914316730297676 0
1754790102710 0.11341388912288283 1
1754790102720 0.1164171600281397 2
1754790102729 0.10758492896309106 3
1754790102741 0.11075878605615282 4
1754790102753 0.11790513800232028 5
1754790102762 0.10900490780477216 6
1754790102771 0.12479234910825274 7
1754790102782 0.10902670272550341 8
1754790102794 0.11042979697880799 9
1754790102807 0.1227770869867614 10
1754790102815 0.1113868908889615 11
1754790102824 0.12511728977284636 12
1754790102833 0.1223399560824258 13
1754790102842 0.11147893739755381 14
1754790102851 0.13640030398373798 15
1754790102863 0.11225177216479706 16
1754790102872 0.11976598449578331 17
1754790102885 0.10841264838037115 18
1754790102897 0.10246714263261703 19
1754790102906 0.11270611968353628 20
1754790102914 0.11508901504821631 21
1754790102923 0.12472638559268827 22
1754790102932 0.11457631013280414 23
1754790102944 0.12309740974334846 24
1754790102956 0.10829206366265513 25
1754790102965 0.10839430273186239 26
1754790102974 0.13173433380239125 27
1754790102986 0.10742250808207121 28
1754790102995 0.13117491643671758 29
1754790103004 0.09762984475996651 30
1754790103016 0.12311269023823934 31
1754790103029 0.10625806035351452 32
1754790103044 0.10381380576692714 33
1754790103053 0.10547274417031918 34
1754790103065 0.11282548521171279 35
1754790103074 0.10587937390458221 36
1754790103083 0.1093020141547992 37
1754790103091 0.11197200419734563 38
1754790103100 0.10852999361847375 39
1754790103112 0.12054446764657407 40
1754790103125 0.10284420955976821 41
1754790103134 0.11966257658155663 42
1754790103142 0.11593801834347583 43
1754790103151 0.10660765494112476 44
1754790103160 0.10620861808320874 45
1754790103169 0.11137354370324012 46
1754790103181 0.11108024022909417 47
1754790103190 0.13250353901069414 48
1754790103198 0.10235969078579961 49
1754790103207 0.1106618980889954 50
1754790103216 0.13365201440110508 51
1754790103225 0.13062275153592187 52
1754790103237 0.09476728632915851 53
1754790103246 0.10526822861537877 54
1754790103256 0.10665847289479591 55
1754790103268 0.10370647732538481 56
1754790103278 0.1202485225486624 57
1754790103287 0.11708543098353479 58
1754790103296 0.11794757916583165 59
1754790103305 0.10989491080118066 60
1754790103318 0.10314060600828676 61
1754790103327 0.12462532427260667 62
1754790103338 0.1186688990953578 63
1754790103352 0.10579116278828919 64
1754790103362 0.12289108764543352 65
1754790103372 0.10848751806412708 66
1754790103381 0.10489503961106264 67
1754790103391 0.11606957994279013 68
1754790103403 0.10671324419952874 69
1754790103413 0.10936394549487202 70
1754790103423 0.11078316626977372 71
1754790103432 0.13000333510886203 72
1754790103445 0.11436463613947101 73
1754790103459 0.10505325467127855 74
1754790103469 0.11536933135576515 75
1754790103479 0.10684545904977953 76
1754790103489 0.11425076030146145 77
1754790103499 0.1044307193738477 78
1754790103511 0.11696369155074829 79
