1754790102702 0.11122162866494009 0
1754790102710 0.09980577441069347 1
1754790102720 0.09653147814360066 2
1754790102729 0.10585437759246838 3
1754790102741 0.04796388777083434 4
1754790102753 0.06476529767128532 5
1754790102762 0.12304828672634774 6
1754790102771 0.12048321512002377 7
1754790102782 0.08832621778858107 8
1754790102794 0.06630204179269576 9
1754790102807 0.039219021263654674 10
1754790102815 0.10578264371613484 11
1754790102824 0.11784688656553799 12
1754790102833 0.11278588879653975 13
1754790102842 0.09852093582773103 14
1754790102851 0.11053862158833501 15
1754790102863 0.052763549781780994 16
1754790102872 0.11194103506555295 17
1754790102885 0.03631355058178792 18
1754790102897 0.060651451376893685 19
1754790102906 0.1109962934352533 20
1754790102914 0.10205001548762058 21
1754790102923 0.10431165087360841 22
1754790102932 0.10432016456830451 23
1754790102944 0.09652061168754822 24
1754790102956 0.04080787744576601 25
1754790102965 0.10102939999299809 26
1754790102974 0.11302356355305945 27
1754790102986 0.034677823909896335 28
1754790102995 0.10026718928277059 29
1754790103004 0.10752757107278557 30
1754790103016 0.030633569660437104 31
1754790103029 0.03540215019379673 32
1754790103044 0.10340562650140488 33
1754790103053 0.11798126365642866 34
1754790103065 0.06782928180717217 35
1754790103074 0.11690941306948233 36
1754790103083 0.11829749926890099 37
1754790103091 0.10542814298737076 38
1754790103100 0.10614121877103602 39
1754790103112 0.0469739325358871 40
1754790103125 0.03539212309681616 41
1754790103134 0.12777349494167445 42
1754790103142 0.09972190736307451 43
1754790103151 0.10885037806020126 44
1754790103160 0.10098233283551902 45
1754790103169 0.11764346454634826 46
1754790103181 0.04530347527827072 47
1754790103190 0.0901366132003701 48
1754790103198 0.10822233114222497 49
1754790103207 0.09959687323041169 50
1754790103216 0.10989872100285862 51
1754790103225 0.10117626032698843 52
1754790103237 0.048115776328252355 53
1754790103246 0.10305769614129726 54
1754790103256 0.11833337719362716 55
1754790103268 0.060289760446704685 56
1754790103278 0.0987243774334468 57
1754790103287 0.11491616158735789 58
1754790103296 0.11722183241972292 59
1754790103305 0.11638532247524384 60
1754790103318 0.041344359749414826 61
1754790103327 0.10432177927577979 62
1754790103338 0.1111735386686444 63
1754790103352 0.06678380181934998 64
1754790103362 0.0985203675664301 65
1754790103372 0.10248206693324655 66
1754790103381 0.10666466536747816 67
1754790103391 0.09928758363372853 68
1754790103403 0.09925983458994192 69
1754790103413 0.09745457791715186 70
1754790103423 0.09961384881549365 71
1754790103432 0.10593309621382599 72
1754790103445 0.038527838478892545 73
1754790103459 0.07656524312389303 74
1754790103469 0.11491428790061753 75
1754790103479 0.10676596040491146 76
1754790103489 0.09907439475353279 77
1754790103499 0.10559347065437823 78
1754790103511 0.050786213964703134 79
