1754790102702 0.07627462493502364 0
1754790102710 0.03916264990707781 1
1754790102720 0.09404783747252647 2
1754790102729 0.0911342939571492 3
1754790102741 0.07519018886597788 4
1754790102753 0.08013547002585213 5
1754790102762 0.11264506581329918 6
1754790102771 0.06387227006414128 7
1754790102782 0.1501656671999397 8
1754790102794 0.08447339316284079 9
1754790102807 0.07610288395292404 10
1754790102815 0.15045507707573175 11
1754790102824 0.06668042808399477 12
1754790102833 0.12468265740583959 13
1754790102842 0.07130885474652722 14
1754790102851 0.18471630108369314 15
1754790102863 0.1498760403454252 16
1754790102872 0.08974382602564521 17
1754790102885 0.11163229895868501 18
1754790102897 0.057883237563484256 19
1754790102906 0.07773326640742617 20
1754790102914 0.09537949912031607 21
1754790102923 0.126429810754669 22
1754790102932 0.09294170966348059 23
1754790102944 0.11383689622287214 24
1754790102956 0.09244324756864905 25
1754790102965 0.19948738678211483 26
1754790102974 0.13822050150968987 27
1754790102986 0.17552728297908543 28
1754790102995 0.11778190958484203 29
1754790103004 0.12464633149774684 30
1754790103016 0.14468214969198848 31
1754790103029 0.17115432056369356 32
1754790103044 0.13010794922799285 33
1754790103053 0.08888444256508769 34
1754790103065 0.061209870273967584 35
1754790103074 0.08368711309440595 36
1754790103083 0.16356152325026513 37
1754790103091 0.07141054198418165 38
1754790103100 0.1051263960793655 39
1754790103112 0.08127017511586913 40
1754790103125 0.06882953665354208 41
1754790103134 0.07439280752810103 42
1754790103142 0.16814432219235903 43
1754790103151 0.1182959884226209 44
1754790103160 0.05682820734191729 45
1754790103169 0.14699031803173562 46
1754790103181 0.07469880732768815 47
1754790103190 0.17805956526138633 48
1754790103198 0.10171676886675822 49
1754790103207 0.0723804873463525 50
1754790103216 0.10405778251277535 51
1754790103225 0.10092175929166469 52
1754790103237 0.10853098407779652 53
1754790103246 0.09440224498841854 54
1754790103256 0.09355355541247742 55
1754790103268 0.12661364209821588 56
1754790103278 0.09587753512707575 57
1754790103287 0.21123039201951385 58
1754790103296 0.09720994065104752 59
1754790103305 0.0746764289675049 60
1754790103318 0.07430495344608339 61
1754790103327 0.1537064125302708 62
1754790103338 0.04380756722817623 63
1754790103352 0.11360058650787312 64
1754790103362 0.20584453388243026 65
1754790103372 0.11490582128143725 66
1754790103381 0.1616982041704677 67
1754790103391 0.16616005598947278 68
1754790103403 0.09850488220786638 69
1754790103413 0.15441208056348935 70
1754790103423 0.11969792100551882 71
1754790103432 0.07586374087049172 72
1754790103445 0.14018452193371064 73
1754790103459 0.15448492899167884 74
1754790103469 0.09933344202853096 75
1754790103479 0.12097104782877217 76
1754790103489 0.08741079840961223 77
1754790103499 0.0851765592411418 78
1754790103511 0.16304332321567366 79
