1754790102702 0.9904134898135979 0
1754790102710 0.9901861577623181 1
1754790102720 0.9897474561565942 2
1754790102729 0.990051522980437 3
1754790102741 1.0424370765183395 4
1754790102753 1.0286155597303184 5
1754790102762 0.9900020769918791 6
1754790102771 0.9899999999999999 7
1754790102782 1.002165343399522 8
1754790102794 1.026983973096812 9
1754790102807 1.063080026731425 10
1754790102815 0.9897606788651613 11
1754790102824 0.9906576926440038 12
1754790102833 0.9899999999999999 13
1754790102842 0.9910893089444939 14
1754790102851 0.9878701581118137 15
1754790102863 1.0582769538431434 16
1754790102872 0.9899999999999999 17
1754790102885 1.0533544067774374 18
1754790102897 1.0380391799267137 19
1754790102906 0.9899644953754279 20
1754790102914 0.9894336910665088 21
1754790102923 0.9899999999999999 22
1754790102932 0.9910096841540146 23
1754790102944 1.0031873998600682 24
1754790102956 1.0667896115131559 25
1754790102965 0.9900887335082287 26
1754790102974 0.989925160025344 27
1754790102986 1.0629624875167085 28
1754790102995 0.9899999999999999 29
1754790103004 0.990305913173982 30
1754790103016 1.0487845910023235 31
1754790103029 1.054096286760521 32
1754790103044 0.7930062699988026 33
1754790103053 0.9901411824450919 34
1754790103065 1.035246235165001 35
1754790103074 0.9901232758463383 36
1754790103083 0.9899999999999999 37
1754790103091 0.9900766587320973 38
1754790103100 0.9901784531802145 39
1754790103112 1.0430131818160358 40
1754790103125 1.052017926430096 41
1754790103134 0.9894448780528453 42
1754790103142 0.990074019067513 43
1754790103151 0.9897660340476087 44
1754790103160 0.9899999999999999 45
1754790103169 0.9908552304030269 46
1754790103181 1.0534790740889488 47
1754790103190 0.9897966069770464 48
1754790103198 0.9886542444294519 49
1754790103207 0.9899999999999999 50
1754790103216 0.9902896948719431 51
1754790103225 0.9901146801966352 52
1754790103237 1.0557563611874947 53
1754790103246 0.9894707640392205 54
1754790103256 0.9899999999999999 55
1754790103268 1.0338735057021269 56
1754790103278 0.9894019540927842 57
1754790103287 0.9900180965570806 58
1754790103296 0.9899999999999999 59
1754790103305 0.9899215434393291 60
1754790103318 1.0427078482557195 61
1754790103327 0.9881516998048369 62
1754790103338 0.9900511329732167 63
1754790103352 1.0264020922717472 64
1754790103362 0.9899294652237449 65
1754790103372 0.9895633438078866 66
1754790103381 0.9891061111873349 67
1754790103391 0.9899999999999999 68
1754790103403 0.7792881692748495 69
1754790103413 0.9900624287016024 70
1754790103423 0.9899999999999999 71
1754790103432 0.9896974547010745 72
1754790103445 1.0481596199640226 73
1754790103459 1.0129001845382015 74
1754790103469 0.9899343154913608 75
1754790103479 0.9899071641659063 76
1754790103489 0.9899999999999999 77
1754790103499 0.9899390830054113 78
1754790103511 1.0430523062505224 79
