1754790102702 1.0 0
1754790102710 1.0 1
1754790102720 1.0 2
1754790102729 1.0 3
1754790102741 1.0 4
1754790102753 1.0 5
1754790102762 1.0 6
1754790102771 1.0 7
1754790102782 1.0 8
1754790102794 1.0 9
1754790102807 1.0 10
1754790102815 1.0 11
1754790102824 1.0 12
1754790102833 1.0 13
1754790102842 1.0 14
1754790102851 1.0 15
1754790102863 1.0 16
1754790102872 1.0 17
1754790102885 1.0 18
1754790102897 1.0 19
1754790102906 1.0 20
1754790102914 1.0 21
1754790102923 1.0 22
1754790102932 1.0 23
1754790102944 1.0 24
1754790102956 1.0 25
1754790102965 1.0 26
1754790102974 1.0 27
1754790102986 1.0 28
1754790102995 1.0 29
1754790103004 1.0 30
1754790103016 1.0 31
1754790103029 1.0 32
1754790103044 2.0 33
1754790103053 1.0 34
1754790103065 1.0 35
1754790103074 1.0 36
1754790103083 1.0 37
1754790103091 1.0 38
1754790103100 1.0 39
1754790103112 1.0 40
1754790103125 1.0 41
1754790103134 1.0 42
1754790103142 1.0 43
1754790103151 1.0 44
1754790103160 1.0 45
1754790103169 1.0 46
1754790103181 1.0 47
1754790103190 1.0 48
1754790103198 1.0 49
1754790103207 1.0 50
1754790103216 1.0 51
1754790103225 1.0 52
1754790103237 1.0 53
1754790103246 1.0 54
1754790103256 1.0 55
1754790103268 1.0 56
1754790103278 1.0 57
1754790103287 1.0 58
1754790103296 1.0 59
1754790103305 1.0 60
1754790103318 1.0 61
1754790103327 1.0 62
1754790103338 1.0 63
1754790103352 1.0 64
1754790103362 1.0 65
1754790103372 1.0 66
1754790103381 1.0 67
1754790103391 1.0 68
1754790103403 2.0 69
1754790103413 1.0 70
1754790103423 1.0 71
1754790103432 1.0 72
1754790103445 1.0 73
1754790103459 1.0 74
1754790103469 1.0 75
1754790103479 1.0 76
1754790103489 1.0 77
1754790103499 1.0 78
1754790103511 1.0 79
