1754790102702 0.9999999999999999 0
1754790102710 0.9999999999999999 1
1754790102720 0.9999999999999999 2
1754790102729 0.9999999999999999 3
1754790102741 0.9999999999999999 4
1754790102753 0.9999999999999999 5
1754790102762 0.9999999999999999 6
1754790102771 0.9999999999999999 7
1754790102782 0.9999999999999999 8
1754790102794 0.9999999999999999 9
1754790102807 0.9999999999999999 10
1754790102815 0.9999999999999999 11
1754790102824 0.9999999999999999 12
1754790102833 0.9999999999999999 13
1754790102842 0.9999999999999999 14
1754790102851 0.9999999999999999 15
1754790102863 0.9999999999999999 16
1754790102872 0.9999999999999999 17
1754790102885 0.9999999999999999 18
1754790102897 0.9999999999999999 19
1754790102906 0.9999999999999999 20
1754790102914 0.9999999999999999 21
1754790102923 0.9999999999999999 22
1754790102932 0.9999999999999999 23
1754790102944 0.9999999999999999 24
1754790102956 0.9999999999999999 25
1754790102965 0.9999999999999999 26
1754790102974 0.9999999999999999 27
1754790102986 0.9999999999999999 28
1754790102995 0.9999999999999999 29
1754790103004 0.9999999999999999 30
1754790103016 0.9999999999999999 31
1754790103029 0.9999999999999999 32
1754790103044 0.9999999999999999 33
1754790103053 0.9999999999999999 34
1754790103065 0.9999999999999999 35
1754790103074 0.9999999999999999 36
1754790103083 0.9999999999999999 37
1754790103091 0.9999999999999999 38
1754790103100 0.9999999999999999 39
1754790103112 0.9999999999999999 40
1754790103125 0.9999999999999999 41
1754790103134 0.9999999999999999 42
1754790103142 0.9999999999999999 43
1754790103151 0.9999999999999999 44
1754790103160 0.9999999999999999 45
1754790103169 0.9999999999999999 46
1754790103181 0.9999999999999999 47
1754790103190 0.9999999999999999 48
1754790103198 0.9999999999999999 49
1754790103207 0.9999999999999999 50
1754790103216 0.9999999999999999 51
1754790103225 0.9999999999999999 52
1754790103237 0.9999999999999999 53
1754790103246 0.9999999999999999 54
1754790103256 0.9999999999999999 55
1754790103268 0.9999999999999999 56
1754790103278 0.9999999999999999 57
1754790103287 0.9999999999999999 58
1754790103296 0.9999999999999999 59
1754790103305 0.9999999999999999 60
1754790103318 0.9999999999999999 61
1754790103327 0.9999999999999999 62
1754790103338 0.9999999999999999 63
1754790103352 0.9999999999999999 64
1754790103362 0.9999999999999999 65
1754790103372 0.9999999999999999 66
1754790103381 0.9999999999999999 67
1754790103391 0.9999999999999999 68
1754790103403 0.9999999999999999 69
1754790103413 0.9999999999999999 70
1754790103423 0.9999999999999999 71
1754790103432 0.9999999999999999 72
1754790103445 0.9999999999999999 73
1754790103459 0.9999999999999999 74
1754790103469 0.9999999999999999 75
1754790103479 0.9999999999999999 76
1754790103489 0.9999999999999999 77
1754790103499 0.9999999999999999 78
1754790103511 0.9999999999999999 79
