1754623761543 0.1073434624855975 0
1754623761573 0.10484925760955939 1
1754623761707 0.12426282402625008 2
1754623761789 0.1123691288085819 3
1754623762138 0.1046464366326735 4
1754623762180 0.1061842917843537 5
1754623762302 0.10721215779587245 6
1754623762335 0.11939577798421515 7
1754623762450 0.10360981752740031 8
1754623762478 0.12425386532831979 9
1754623762528 0.1094388316527654 10
1754623762588 0.10986475388576297 11
1754623762616 0.12526532721551503 12
1754623762642 0.10912832078691923 13
1754623762670 0.12498000140424348 14
1754623762700 0.12240044121491445 15
1754623762776 0.1065651573363999 16
1754623762812 0.13643167697342365 17
1754623762904 0.11173908961238113 18
1754623762943 0.11909669468046617 19
1754623762982 0.11062104460281037 20
1754623763060 0.10010806865181732 21
1754623763124 0.10578887451776353 22
1754623763235 0.10455081182654644 23
1754623763336 0.11886151033956671 24
1754623763474 0.1078830227523067 25
1754623763497 0.12337100307527775 26
1754623763528 0.11005201389220651 27
1754623763596 0.1078356881737497 28
1754623763623 0.12959940076023166 29
1754623763707 0.11109211859211927 30
1754623763748 0.12969936191712644 31
1754623763775 0.09802533069567174 32
1754623763818 0.12443424408540757 33
1754623763842 0.10998901923288965 34
1754623763855 0.10442411278068317 35
1754623763878 0.10547274417031918 36
1754623763912 0.11404851875302764 37
1754623763969 0.10269683333373095 38
1754623763987 0.10916783773720437 39
1754623764097 0.11010747304016551 40
1754623764160 0.10709357651183368 41
1754623764181 0.1217762859226934 42
1754623764222 0.10422209517729653 43
1754623764252 0.11954455926111518 44
1754623764324 0.11308461063312802 45
1754623764369 0.10578225966308126 46
1754623764452 0.1056358745285673 47
1754623764506 0.10902705810785304 48
1754623764555 0.1135614911428691 49
1754623764621 0.13014969731002177 50
1754623764637 0.10235969078579961 51
1754623764829 0.10197057670160144 52
1754623764855 0.13357077447763083 53
1754623764885 0.13006823232548131 54
1754623764967 0.09317939272050366 55
1754623765003 0.10381702858033737 56
1754623765043 0.10602713695090622 57
1754623765097 0.10600713758097509 58
1754623765170 0.118419147635868 59
1754623765292 0.10960966324183011 60
1754623765314 0.1174908034086787 61
1754623765344 0.10927548012748492 62
1754623765495 0.09827772202036597 63
1754623765518 0.12462532427260667 64
1754623765565 0.1150737884750066 65
1754623765721 0.10152886597394588 66
1754623765797 0.12041329076956633 67
1754623765834 0.10697386658680433 68
1754623765984 0.09454473196042198 69
1754623766028 0.11323336602533066 70
1754623766362 0.098997594358661 71
1754623766373 0.10936394549487202 72
1754623766434 0.10748465968643144 73
1754623766549 0.12145204007876234 74
1754623766654 0.11146829709691126 75
1754623766728 0.10178492798966768 76
1754623766819 0.111486262772758 77
1754623766847 0.10634996667223376 78
1754623766879 0.11243709647607898 79
1754623766980 0.0999042692420341 80
1754623767075 0.11736988233444798 81
1754623767223 0.1114735413261704 82
1754623767280 0.11564089702655933 83
1754623767362 0.11638256062768489 84
1754623767432 0.12500854777206483 85
1754623767479 0.12010819560983113 86
1754623767516 0.118072777287617 87
1754623767547 0.12089191452467674 88
1754623767774 0.09126794832233169 89
1754623767789 0.10629900206544962 90
1754623767944 0.10885203542191162 91
1754623768002 0.10776563041071477 92
1754623768030 0.10891335420158077 93
1754623768113 0.12784891115163716 94
1754623768148 0.11579296763319927 95
1754623768297 0.11053593968630042 96
1754623768309 0.12404639468183813 97
1754623768357 0.11558230202425541 98
1754623768457 0.11246972002304587 99
