1754623761543 0.08007127063559313 0
1754623761573 0.09347781352189978 1
1754623761707 0.0660705230817859 2
1754623761789 0.07238773143087412 3
1754623762138 0.046657772678617974 4
1754623762180 0.06975761520523996 5
1754623762302 0.06564103139689662 6
1754623762335 0.0836510482072482 7
1754623762450 0.07803854851326533 8
1754623762478 0.0984226553349439 9
1754623762528 0.06604307280313915 10
1754623762588 0.08755286285406869 11
1754623762616 0.0982672634082395 12
1754623762642 0.0832452977766689 13
1754623762670 0.11012096682349312 14
1754623762700 0.09551063476544969 15
1754623762776 0.06569923917318746 16
1754623762812 0.08978095522382926 17
1754623762904 0.0707162434246803 18
1754623762943 0.10272040815891179 19
1754623762982 0.07867855006228772 20
1754623763060 0.0696002573675968 21
1754623763124 0.06965898627373875 22
1754623763235 0.05612951860553972 23
1754623763336 0.06587277755452817 24
1754623763474 0.062375729512325104 25
1754623763497 0.10560568432250365 26
1754623763528 0.08858277892794031 27
1754623763596 0.06656493418253417 28
1754623763623 0.09706073546924401 29
1754623763707 0.07580752696542359 30
1754623763748 0.0813771634212175 31
1754623763775 0.0756415369770018 32
1754623763818 0.06789776976993146 33
1754623763842 0.08907710147470965 34
1754623763855 0.11641496603615342 35
1754623763878 0.11798126365642866 36
1754623763912 0.10043487971552298 37
1754623763969 0.08542850381606662 38
1754623763987 0.11469924341060564 39
1754623764097 0.06191805426935695 40
1754623764160 0.07617358577287248 41
1754623764181 0.08795744264086611 42
1754623764222 0.07098060837165052 43
1754623764252 0.10000439469348435 44
1754623764324 0.07552250090229515 45
1754623764369 0.08074938562593006 46
1754623764452 0.05746949498595927 47
1754623764506 0.10768359770198474 48
1754623764555 0.07709051296030288 49
1754623764621 0.06063680022789371 50
1754623764637 0.10822233114222497 51
1754623764829 0.05380892411023007 52
1754623764855 0.09893650570480128 53
1754623764885 0.0911235441936025 54
1754623764967 0.0783063863875023 55
1754623765003 0.09072825613181298 56
1754623765043 0.10366045323531214 57
1754623765097 0.07924715281629095 58
1754623765170 0.06770405267173533 59
1754623765292 0.067299857668366 60
1754623765314 0.11145949079743114 61
1754623765344 0.11121540316473433 62
1754623765495 0.04392909870013452 63
1754623765518 0.10432177927577979 64
1754623765565 0.08751526418393443 65
1754623765721 0.05822992548155559 66
1754623765797 0.07118239156190782 67
1754623765834 0.08184851963420976 68
1754623765984 0.05409723751118728 69
1754623766028 0.07696554591172766 70
1754623766362 0.04396393017503282 71
1754623766373 0.09745457791715186 72
1754623766434 0.06311320871835388 73
1754623766549 0.06145351126015454 74
1754623766654 0.058518064776015864 75
1754623766728 0.06425637934966602 76
1754623766819 0.0774670059747941 77
1754623766847 0.10014450951433992 78
1754623766879 0.07934836239699894 79
1754623766980 0.0606374091147512 80
1754623767075 0.06647574177978291 81
1754623767223 0.05697830976424757 82
1754623767280 0.0831914508668805 83
1754623767362 0.0841434770186393 84
1754623767432 0.06986697260176758 85
1754623767479 0.08636509806371576 86
1754623767516 0.0889625480395114 87
1754623767547 0.09474146431234336 88
1754623767774 0.047715334226438415 89
1754623767789 0.10102780479843931 90
1754623767944 0.04687265631600558 91
1754623768002 0.062141276880673724 92
1754623768030 0.0809758997709377 93
1754623768113 0.07453183846476139 94
1754623768148 0.09703054623703314 95
1754623768297 0.04828859388250761 96
1754623768309 0.10630653066533602 97
1754623768357 0.0789905268931533 98
1754623768457 0.06863529256677606 99
