1754623761543 0.11960902759092526 0
1754623761573 0.13193323702265278 1
1754623761707 0.07906523841454831 2
1754623761789 0.0424532478749331 3
1754623762138 0.12822702656635662 4
1754623762180 0.09263341447811743 5
1754623762302 0.07713650796037416 6
1754623762335 0.08111285160864927 7
1754623762450 0.1151524990701839 8
1754623762478 0.061127850877982406 9
1754623762528 0.1501024564882595 10
1754623762588 0.08054332220158109 11
1754623762616 0.07605622787713262 12
1754623762642 0.15045507707573175 13
1754623762670 0.0682522157074656 14
1754623762700 0.12237910367341573 15
1754623762776 0.07920900144975498 16
1754623762812 0.18234844726782384 17
1754623762904 0.147776553992181 18
1754623762943 0.09629611448609587 19
1754623762982 0.1117017985166738 20
1754623763060 0.06263871507732013 21
1754623763124 0.0780230222317865 22
1754623763235 0.09328881710274999 23
1754623763336 0.125832964620108 24
1754623763474 0.10751941025990916 25
1754623763497 0.11695879583990561 26
1754623763528 0.09008566099595008 27
1754623763596 0.204207649644208 28
1754623763623 0.13677686384004026 29
1754623763707 0.17477609283598952 30
1754623763748 0.11774595693978203 31
1754623763775 0.12564098589051403 32
1754623763818 0.1501123440331275 33
1754623763842 0.17115432056369356 34
1754623763855 0.12968091497200582 35
1754623763878 0.08779197706942696 36
1754623763912 0.0552574809731123 37
1754623763969 0.07997133324054104 38
1754623763987 0.1652165230961245 39
1754623764097 0.07892008961751226 40
1754623764160 0.10499191538609338 41
1754623764181 0.0813623008468575 42
1754623764222 0.07022679176365525 43
1754623764252 0.07267690240532776 44
1754623764324 0.17319930968002986 45
1754623764369 0.11419785375531237 46
1754623764452 0.060242564737180794 47
1754623764506 0.14988864976273392 48
1754623764555 0.07825092362937429 49
1754623764621 0.18013266915289136 50
1754623764637 0.10051148562927548 51
1754623764829 0.06275819985814853 52
1754623764855 0.10339672922179606 53
1754623764885 0.09963833317648393 54
1754623764967 0.1207541506302812 55
1754623765003 0.09204777340825085 56
1754623765043 0.09321365151702725 57
1754623765097 0.12656252485646408 58
1754623765170 0.09302616556322948 59
1754623765292 0.2134732223543203 60
1754623765314 0.09766837684527588 61
1754623765344 0.07608185446696414 62
1754623765495 0.0856096619352856 63
1754623765518 0.15481839498166092 64
1754623765565 0.04908453973745974 65
1754623765721 0.11171154763898042 66
1754623765797 0.20541928469014276 67
1754623765834 0.1141714573384938 68
1754623765984 0.16654133411883426 69
1754623766028 0.16721507536203717 70
1754623766362 0.13126881553600178 71
1754623766373 0.15482400252090062 72
1754623766434 0.12237539240252815 73
1754623766549 0.06899069042668611 74
1754623766654 0.13518676941868205 75
1754623766728 0.15277733229617177 76
1754623766819 0.10349271944411917 77
1754623766847 0.1187865664140487 78
1754623766879 0.08761516375622538 79
1754623766980 0.08380352086871526 80
1754623767075 0.16326611642788436 81
1754623767223 0.09930955829225958 82
1754623767280 0.14368182067901092 83
1754623767362 0.06090169146847533 84
1754623767432 0.10205146716838769 85
1754623767479 0.16936004019738943 86
1754623767516 0.12877993423899453 87
1754623767547 0.11810533672810149 88
1754623767774 0.08291889091393276 89
1754623767789 0.1511424001562302 90
1754623767944 0.11119009244780394 91
1754623768002 0.1271454519293096 92
1754623768030 0.161022883578989 93
1754623768113 0.09813042616114184 94
1754623768148 0.022327514639548518 95
1754623768297 0.08827181459580231 96
1754623768309 0.11783409061925454 97
1754623768357 0.10339172587380255 98
1754623768457 0.13317893161628191 99
