1754623761543 -0.20943325874681476 0
1754623761573 -0.15590665367470805 1
1754623761707 -0.6812284885394065 2
1754623761789 -0.5257087618971328 3
1754623762138 -1.9622818675419489 4
1754623762180 -0.22438920666207354 5
1754623762302 -0.5923424926040102 6
1754623762335 -0.1418910450319157 7
1754623762450 -0.5061593062004893 8
1754623762478 -0.1264251325928299 9
1754623762528 -0.1961166992839611 10
1754623762588 -0.35901120156634153 11
1754623762616 -0.1353140388262688 12
1754623762642 -0.09817093488914884 13
1754623762670 -0.1729076901769087 14
1754623762700 -0.09069625096216231 15
1754623762776 -0.3705836347022055 16
1754623762812 -0.17835996220306025 17
1754623762904 -0.4382478706510694 18
1754623762943 -0.21695951570961006 19
1754623762982 -0.11916725993050961 20
1754623763060 -0.38857274918263585 21
1754623763124 -0.37814720742308006 22
1754623763235 -0.5014968905749144 23
1754623763336 -0.4987448374142474 24
1754623763474 -0.6786565124914825 25
1754623763497 -0.14710994288060236 26
1754623763528 -0.1399038954415617 27
1754623763596 -0.35281796123591713 28
1754623763623 -0.14179237656938296 29
1754623763707 -0.5037574306641871 30
1754623763748 -0.21174689998676102 31
1754623763775 -0.09933548659909183 32
1754623763818 -0.1812741572901615 33
1754623763842 -0.1297880837787382 34
1754623763855 -0.07751899417902852 35
1754623763878 -0.13066300136180295 36
1754623763912 -0.18844457252926342 37
1754623763969 -0.25655562825702277 38
1754623763987 -0.0868905898284808 39
1754623764097 -0.4970216259273637 40
1754623764160 -0.34782372070554035 41
1754623764181 -0.09848811718797931 42
1754623764222 -0.1644118012111274 43
1754623764252 -0.1123168729257138 44
1754623764324 -0.295164380089168 45
1754623764369 -0.21816636539169876 46
1754623764452 -0.4550814322595565 47
1754623764506 -0.28277374628923124 48
1754623764555 -0.20879886508945045 49
1754623764621 -0.27766338869699825 50
1754623764637 -0.10931570475979868 51
1754623764829 -1.0029957617562053 52
1754623764855 -0.13958564500166643 53
1754623764885 -0.1205193526974329 54
1754623764967 -0.4151865950383267 55
1754623765003 -0.1662997037756662 56
1754623765043 -0.16402974572013232 57
1754623765097 -0.20289347653521198 58
1754623765170 -0.40831656588188864 59
1754623765292 -0.602059001740477 60
1754623765314 -0.1248997791905753 61
1754623765344 -0.1840034380916764 62
1754623765495 -0.7949004372653813 63
1754623765518 -0.1515646428713317 64
1754623765565 -0.2454513880023106 65
1754623765721 -0.8418122553019775 66
1754623765797 -0.41936099604313276 67
1754623765834 -0.18943199878217765 68
1754623765984 -0.7395483966212839 69
1754623766028 -0.21768570520638772 70
1754623766362 -1.668950155041303 71
1754623766373 -0.06010931005108689 72
1754623766434 -0.30492776645715025 73
1754623766549 -0.5383888857785956 74
1754623766654 -0.5874149189815937 75
1754623766728 -0.3545885024213279 76
1754623766819 -0.46958540729178316 77
1754623766847 -0.17565464621953233 78
1754623766879 -0.16008797086520507 79
1754623766980 -0.497415487991444 80
1754623767075 -0.5833746636488297 81
1754623767223 -0.7260567819597525 82
1754623767280 -0.2709342680072155 83
1754623767362 -0.4219477346944973 84
1754623767432 -0.36501004457980674 85
1754623767479 -0.25581851925423066 86
1754623767516 -0.18693359051519726 87
1754623767547 -0.17154284402805206 88
1754623767774 -1.1174402627627333 89
1754623767789 -0.05415407112918727 90
1754623767944 -0.7835445608529198 91
1754623768002 -0.20336980377391725 92
1754623768030 -0.09457987377776587 93
1754623768113 -0.43432836703035455 94
1754623768148 -0.20503806505122982 95
1754623768297 -0.6973255978391172 96
1754623768309 -0.05943537938354919 97
1754623768357 -0.2679794035362958 98
1754623768457 -0.5940887440833752 99
