1754623761543 24.0 0
1754623761573 17.0 1
1754623761707 72.0 2
1754623761789 55.0 3
1754623762138 200.0 4
1754623762180 26.0 5
1754623762302 63.0 6
1754623762335 16.0 7
1754623762450 55.0 8
1754623762478 15.0 9
1754623762528 23.0 10
1754623762588 38.0 11
1754623762616 15.0 12
1754623762642 12.0 13
1754623762670 18.0 14
1754623762700 11.0 15
1754623762776 40.0 16
1754623762812 20.0 17
1754623762904 49.0 18
1754623762943 23.0 19
1754623762982 14.0 20
1754623763060 43.0 21
1754623763124 42.0 22
1754623763235 55.0 23
1754623763336 54.0 24
1754623763474 73.0 25
1754623763497 15.0 26
1754623763528 17.0 27
1754623763596 39.0 28
1754623763623 16.0 29
1754623763707 54.0 30
1754623763748 23.0 31
1754623763775 13.0 32
1754623763818 20.0 33
1754623763842 14.0 34
1754623763855 8.0 35
1754623763878 13.0 36
1754623763912 20.0 37
1754623763969 29.0 38
1754623763987 9.0 39
1754623764097 54.0 40
1754623764160 38.0 41
1754623764181 11.0 42
1754623764222 19.0 43
1754623764252 14.0 44
1754623764324 32.0 45
1754623764369 25.0 46
1754623764452 50.0 47
1754623764506 29.0 48
1754623764555 24.0 49
1754623764621 31.0 50
1754623764637 11.0 51
1754623764829 107.0 52
1754623764855 15.0 53
1754623764885 13.0 54
1754623764967 45.0 55
1754623765003 18.0 56
1754623765043 18.0 57
1754623765097 23.0 58
1754623765170 44.0 59
1754623765292 65.0 60
1754623765314 13.0 61
1754623765344 19.0 62
1754623765495 84.0 63
1754623765518 15.0 64
1754623765565 27.0 65
1754623765721 89.0 66
1754623765797 45.0 67
1754623765834 21.0 68
1754623765984 79.0 69
1754623766028 24.0 70
1754623766362 172.0 71
1754623766373 6.0 72
1754623766434 34.0 73
1754623766549 59.0 74
1754623766654 63.0 75
1754623766728 39.0 76
1754623766819 51.0 77
1754623766847 18.0 78
1754623766879 18.0 79
1754623766980 55.0 80
1754623767075 62.0 81
1754623767223 77.0 82
1754623767280 30.0 83
1754623767362 47.0 84
1754623767432 40.0 85
1754623767479 27.0 86
1754623767516 21.0 87
1754623767547 19.0 88
1754623767774 118.0 89
1754623767789 7.0 90
1754623767944 83.0 91
1754623768002 24.0 92
1754623768030 11.0 93
1754623768113 47.0 94
1754623768148 22.0 95
1754623768297 75.0 96
1754623768309 6.0 97
1754623768357 30.0 98
1754623768457 63.0 99
