1754623761543 0.7631081927126584 0
1754623761573 0.7132309540350086 1
1754623761707 0.6249738678165737 2
1754623761789 0.6686523194924204 3
1754623762138 0.707142309830283 4
1754623762180 0.7081909660983239 5
1754623762302 0.6819155762873585 6
1754623762335 0.6882736790075855 7
1754623762450 0.6426772735677149 8
1754623762478 0.7534402497090333 9
1754623762528 0.6908330055063301 10
1754623762588 0.6565426634940676 11
1754623762616 0.6688309775419848 12
1754623762642 0.7131441525112704 13
1754623762670 0.702605132965086 14
1754623762700 0.7262901664379493 15
1754623762776 0.6644795324099528 16
1754623762812 0.8060357585022068 17
1754623762904 0.7835032499523633 18
1754623762943 0.687409215892254 19
1754623762982 0.6812578048764566 20
1754623763060 0.7114116232647467 21
1754623763124 0.7167144520915979 22
1754623763235 0.6497431309761998 23
1754623763336 0.7341429224747171 24
1754623763474 0.7631077402077965 25
1754623763497 0.6759633625808346 26
1754623763528 0.6962499370417711 27
1754623763596 0.7242287417139394 28
1754623763623 0.6685525326790355 29
1754623763707 0.7249843901415491 30
1754623763748 0.7676313044743942 31
1754623763775 0.7812989019597407 32
1754623763818 0.6424845666660414 33
1754623763842 0.7057695764451688 34
1754623763855 0.6730313196140119 35
1754623763878 0.6897518993552968 36
1754623763912 0.6570011017650967 37
1754623763969 0.6933472465876965 38
1754623763987 0.6738844902115999 39
1754623764097 0.724546823909505 40
1754623764160 0.6787001352662619 41
1754623764181 0.7120670917952958 42
1754623764222 0.7119447359777672 43
1754623764252 0.677938703752166 44
1754623764324 0.7159669455842288 45
1754623764369 0.7131933977563628 46
1754623764452 0.7167579571693284 47
1754623764506 0.6624721311385782 48
1754623764555 0.7099838919512746 49
1754623764621 0.7277978409150532 50
1754623764637 0.6878286108956359 51
1754623764829 0.6877699620849651 52
1754623764855 0.6888600479627709 53
1754623764885 0.735731132646196 54
1754623764967 0.7252024390779034 55
1754623765003 0.665231094199684 56
1754623765043 0.739997298395177 57
1754623765097 0.7011260631061346 58
1754623765170 0.6555806823328513 59
1754623765292 0.7097603515219487 60
1754623765314 0.6827626978821189 61
1754623765344 0.6270690696805221 62
1754623765495 0.7024276346235474 63
1754623765518 0.6917971367194973 64
1754623765565 0.6896006247897798 65
1754623765721 0.6893219214715731 66
1754623765797 0.713741590299701 67
1754623765834 0.6897219033275883 68
1754623765984 0.6941043394201221 69
1754623766028 0.6994960674191312 70
1754623766362 0.7273934135234891 71
1754623766373 0.7624451225478357 72
1754623766434 0.6528689656614107 73
1754623766549 0.6943945290147919 74
1754623766654 0.6777172815436711 75
1754623766728 0.7487824614826651 76
1754623766819 0.6224971607871386 77
1754623766847 0.62342453847429 78
1754623766879 0.6994784528807612 79
1754623766980 0.7394806682893578 80
1754623767075 0.6574743522891193 81
1754623767223 0.7092538183651318 82
1754623767280 0.7025678899433749 83
1754623767362 0.6454232496799044 84
1754623767432 0.7127740834087656 85
1754623767479 0.6656170404212135 86
1754623767516 0.6898566811973643 87
1754623767547 0.6885334786973444 88
1754623767774 0.7208242915442206 89
1754623767789 0.7337303362366642 90
1754623767944 0.6929957649090265 91
1754623768002 0.6917868994767142 92
1754623768030 0.7421876075681171 93
1754623768113 0.6790809564110319 94
1754623768148 0.6496903780001585 95
1754623768297 0.746899785769105 96
1754623768309 0.6744589871477921 97
1754623768357 0.673244456859025 98
1754623768457 0.6542862350432739 99
