1754624029119 0.11226563160719967 0
1754624029388 0.1051015719034728 1
1754624029431 0.10510195107440161 2
1754624029525 0.10895773417153232 3
1754624029688 0.11418850101745906 4
1754624029785 0.10582431146311744 5
1754624029815 0.1239223094480045 6
1754624029867 0.1105031377648376 7
1754624029970 0.10986850386631944 8
1754624030020 0.1252264915020166 9
1754624030040 0.10954243336525453 10
1754624030068 0.12474138870944271 11
1754624030094 0.121867092582792 12
1754624030180 0.10595464298130272 13
1754624030216 0.13554560142574362 14
1754624030299 0.11332883816903087 15
1754624030339 0.11833654171758692 16
1754624030386 0.1094284871968257 17
1754624030465 0.10034448138156479 18
1754624030675 0.10714495999752863 19
1754624030819 0.10521553717847139 20
1754624030937 0.116452841453801 21
1754624031096 0.10904424862807369 22
1754624031118 0.12394528965106119 23
1754624031148 0.1101115659092533 24
1754624031162 0.10839430273186239 25
1754624031190 0.1296716965948612 26
1754624031384 0.10413751176106531 27
1754624031434 0.12841315235106404 28
1754624031459 0.09744487103652028 29
1754624031584 0.1200579057953531 30
1754624031606 0.10998901923288965 31
1754624031618 0.10442411278068317 32
1754624031639 0.10547274417031918 33
1754624031671 0.11382038516736981 34
1754624031722 0.10336917725236217 35
1754624031871 0.09735555800506406 36
1754624031976 0.11003468357237214 37
1754624032045 0.10683084533958431 38
1754624032116 0.12213213252628022 39
1754624032155 0.10434376619352921 40
1754624032192 0.11908422902546327 41
1754624032304 0.11339128942899479 42
1754624032404 0.10275834596267927 43
1754624032448 0.10576116265961222 44
1754624032477 0.11137354370324012 45
1754624032522 0.11383594206364175 46
1754624032587 0.1292588243636105 47
1754624032643 0.10004499150623877 48
1754624032802 0.10267967805642013 49
1754624032827 0.13449686069062178 50
1754624032852 0.13033129329633136 51
1754624032972 0.09158450678479045 52
1754624033190 0.09712256306962949 53
1754624033208 0.10445840255132481 54
1754624033248 0.10779396005035582 55
1754624033273 0.12018464856197175 56
1754624033403 0.10973191706551795 57
1754624033434 0.11775154605109502 58
1754624033465 0.10769121045781324 59
1754624033619 0.0990455223496276 60
1754624033804 0.11760037939068486 61
1754624033853 0.11763000027822043 62
1754624034009 0.10247071070488864 63
1754624034034 0.12137237910135416 64
1754624034069 0.10779567929593965 65
1754624034151 0.0990304566047477 66
1754624034187 0.11433752396197816 67
1754624034366 0.10244322625893516 68
1754624034377 0.10936394549487202 69
1754624034437 0.10783837642295838 70
1754624034546 0.12454366736063154 71
1754624034647 0.11215094301237809 72
1754624034710 0.1037972330832581 73
1754624034797 0.1104231739654062 74
1754624034822 0.10665505298230679 75
1754624034850 0.11243186430637855 76
1754624034948 0.10078732908848884 77
1754624034997 0.1187991321274485 78
1754624035042 0.11536543091133669 79
1754624035094 0.11639288582765592 80
1754624035243 0.1133092830844539 81
1754624035322 0.1257972896002996 82
1754624035369 0.11888181841127846 83
1754624035594 0.10861035540626754 84
1754624035625 0.12046733080461788 85
1754624035668 0.0992012869003829 86
1754624035681 0.10579337581314911 87
1754624035835 0.10738033419997643 88
1754624035858 0.11087875951728174 89
1754624035882 0.10809640218709937 90
1754624035915 0.128884676320367 91
1754624035951 0.1142178060496897 92
1754624036086 0.11080697860707171 93
1754624036097 0.12404639468183813 94
1754624036195 0.1149926438502021 95
1754624036356 0.11066726116665479 96
1754624036373 0.10619875095407208 97
1754624036427 0.11357698445454548 98
1754624036447 0.1153152771324351 99
