1754624029119 0.06431725622490173 0
1754624029388 0.05028458954952993 1
1754624029431 0.07952928131650674 2
1754624029525 0.07078626770627736 3
1754624029688 0.05351539580365701 4
1754624029785 0.07200865205424263 5
1754624029815 0.09477539577619541 6
1754624029867 0.07147396394923092 7
1754624029970 0.08850299332070051 8
1754624030020 0.09734088161708929 9
1754624030040 0.09238832634957546 10
1754624030068 0.11061624021210466 11
1754624030094 0.09713726958730486 12
1754624030180 0.06993541980249307 13
1754624030216 0.08891762189999115 14
1754624030299 0.07141402259835956 15
1754624030339 0.09799312166754784 16
1754624030386 0.07438265627100113 17
1754624030465 0.06556712363456604 18
1754624030675 0.07509175929454176 19
1754624030819 0.05997964814302602 20
1754624030937 0.0651609408126134 21
1754624031096 0.0674942496671285 22
1754624031118 0.09405495709970338 23
1754624031148 0.09386990417275508 24
1754624031162 0.10102939999299809 25
1754624031190 0.09576218535665156 26
1754624031384 0.05797382963528922 27
1754624031434 0.07149498949753995 28
1754624031459 0.09044891007673309 29
1754624031584 0.05624207817298377 30
1754624031606 0.08907710147470965 31
1754624031618 0.11641496603615342 32
1754624031639 0.11798126365642866 33
1754624031671 0.09790411161637028 34
1754624031722 0.07451998632409405 35
1754624031871 0.05875319874757752 36
1754624031976 0.06112493967960575 37
1754624032045 0.07791430394082763 38
1754624032116 0.07182616345209511 39
1754624032155 0.06643089741277353 40
1754624032192 0.09951254180440645 41
1754624032304 0.061429239417442785 42
1754624032404 0.06403989167743243 43
1754624032448 0.07050967401157143 44
1754624032477 0.11764346454634826 45
1754624032522 0.08027959733750925 46
1754624032587 0.06012085650061334 47
1754624032643 0.07160568989932817 48
1754624032802 0.056117381098223104 49
1754624032827 0.09790575829802098 50
1754624032852 0.0943879602601958 51
1754624032972 0.07283518060742764 52
1754624033190 0.05483737374267722 53
1754624033208 0.10345521425874579 54
1754624033248 0.08233268959792321 55
1754624033273 0.08848588439452425 56
1754624033403 0.061001494287709755 57
1754624033434 0.10599221894388214 58
1754624033465 0.10634270753749944 59
1754624033619 0.04297817766455549 60
1754624033804 0.06534515520497283 61
1754624033853 0.0918588434277704 62
1754624034009 0.057800305537024 63
1754624034034 0.09110902360895615 64
1754624034069 0.07868946839070524 65
1754624034151 0.05939952972787619 66
1754624034187 0.08152746430067581 67
1754624034366 0.048798804158586125 68
1754624034377 0.09745457791715186 69
1754624034437 0.06093652539668639 70
1754624034546 0.0613254619021187 71
1754624034647 0.057868223837340804 72
1754624034710 0.07210634965510994 73
1754624034797 0.06732144460097741 74
1754624034822 0.10066212747486854 75
1754624034850 0.07728799763679098 76
1754624034948 0.061452878515065736 77
1754624034997 0.0810457935184341 78
1754624035042 0.05837958680655327 79
1754624035094 0.07851580084135404 80
1754624035243 0.07083978920284124 81
1754624035322 0.07757227295810053 82
1754624035369 0.07780189791043794 83
1754624035594 0.05578773135273157 84
1754624035625 0.09758837410336155 85
1754624035668 0.08453164996103284 86
1754624035681 0.1071286256072768 87
1754624035835 0.05203187834808489 88
1754624035858 0.08669376979066927 89
1754624035882 0.07918550001373725 90
1754624035915 0.09545337012174797 91
1754624035951 0.08939944262379597 92
1754624036086 0.04950488653011258 93
1754624036097 0.10630653066533602 94
1754624036195 0.07296106429120108 95
1754624036356 0.06182765273290012 96
1754624036373 0.12133680902712807 97
1754624036427 0.08316150290457931 98
1754624036447 0.10601380888714958 99
