1754624029119 0.039753390362908016 0
1754624029388 0.11021695794461905 1
1754624029431 0.09222619778486969 2
1754624029525 0.0742553690648883 3
1754624029688 0.08999671295712801 4
1754624029785 0.114622385023495 5
1754624029815 0.06505841068437182 6
1754624029867 0.14937479559140582 7
1754624029970 0.07807711533457802 8
1754624030020 0.07689492478408795 9
1754624030040 0.15043342302130025 10
1754624030068 0.0678273210693078 11
1754624030094 0.12366440596964434 12
1754624030180 0.08240143744304192 13
1754624030216 0.18574398458410907 14
1754624030299 0.14377534103105188 15
1754624030339 0.0960097215680511 16
1754624030386 0.1094049619950443 17
1754624030465 0.06079812132261928 18
1754624030675 0.07744202905890667 19
1754624030819 0.09785123367630658 20
1754624030937 0.13531700733348356 21
1754624031096 0.11370411838510072 22
1754624031118 0.11612943559549915 23
1754624031148 0.08893198466486148 24
1754624031162 0.2005066406036132 25
1754624031190 0.1363379771448864 26
1754624031384 0.17396717104405077 27
1754624031434 0.11869651785524642 28
1754624031459 0.12588712371459126 29
1754624031584 0.14370665458322396 30
1754624031606 0.17115432056369356 31
1754624031618 0.13039852091155507 32
1754624031639 0.08731629626224749 33
1754624031671 0.058071917320601685 34
1754624031722 0.08043807542199914 35
1754624031871 0.16805532182984706 36
1754624031976 0.08072858727600991 37
1754624032045 0.10472815894533963 38
1754624032116 0.08161729827650444 39
1754624032155 0.06887169175972226 40
1754624032192 0.07256503436143191 41
1754624032304 0.16800600075132605 42
1754624032404 0.1122862377709577 43
1754624032448 0.05870976484501593 44
1754624032477 0.14896645014187 45
1754624032522 0.07553982092446869 46
1754624032587 0.18037215364420564 47
1754624032643 0.09368860912694395 48
1754624032802 0.06643700716187553 49
1754624032827 0.10093155196798306 50
1754624032852 0.09961579164515762 51
1754624032972 0.11372641947930492 52
1754624033190 0.10397468208170349 53
1754624033208 0.09355355541247742 54
1754624033248 0.12679130935204785 55
1754624033273 0.09555609568648737 56
1754624033403 0.21355299709990555 57
1754624033434 0.09879315907538774 58
1754624033465 0.07345623995917841 59
1754624033619 0.08173258175870864 60
1754624033804 0.1667349422224209 61
1754624033853 0.046812579382816466 62
1754624034009 0.11170461855766653 63
1754624034034 0.20616459164905515 64
1754624034069 0.11636293401827161 65
1754624034151 0.16280281264731594 66
1754624034187 0.16675234393663133 67
1754624034366 0.11810586329641151 68
1754624034377 0.15482400252090062 69
1754624034437 0.11997615025455702 70
1754624034546 0.06615703873092524 71
1754624034647 0.13695836905150677 72
1754624034710 0.15285958736420274 73
1754624034797 0.09769849872330774 74
1754624034822 0.12200334207243309 75
1754624034850 0.08925618682485936 76
1754624034948 0.0846526778930194 77
1754624034997 0.16748287457061437 78
1754624035042 0.10416550296899736 79
1754624035094 0.14435606862764416 80
1754624035243 0.06318795406741504 81
1754624035322 0.10468138147450076 82
1754624035369 0.16872968228668697 83
1754624035594 0.12655164897333523 84
1754624035625 0.11848347772163023 85
1754624035668 0.08275165641793639 86
1754624035681 0.1511424001562302 87
1754624035835 0.11765883025872537 88
1754624035858 0.12885599583289978 89
1754624035882 0.16114588327174548 90
1754624035915 0.09800104492821723 91
1754624035951 0.022444524233154795 92
1754624036086 0.08690112362951848 93
1754624036097 0.11770701533899093 94
1754624036195 0.10259451203425059 95
1754624036356 0.13644126404210333 96
1754624036373 0.18059471751437642 97
1754624036427 0.1505350085368388 98
1754624036447 0.11357762242455376 99
