1754624029119 -0.730724236262663 0
1754624029388 -1.4193511712945748 1
1754624029431 -0.2351386919574854 2
1754624029525 -0.47759914888347016 3
1754624029688 -0.8882568022076556 4
1754624029785 -0.4882526487397467 5
1754624029815 -0.14086876965495165 6
1754624029867 -0.20965794808444255 7
1754624029970 -0.3682373912030644 8
1754624030020 -0.29025428295296424 9
1754624030040 -0.08714190054184687 10
1754624030068 -0.17131775373991065 11
1754624030094 -0.09225672717539686 12
1754624030180 -0.44481761025975897 13
1754624030216 -0.19011797924024473 14
1754624030299 -0.4338338701377547 15
1754624030339 -0.21336495634352862 16
1754624030386 -0.23941735673095535 17
1754624030465 -0.38298862499388436 18
1754624030675 -0.3635848806211321 19
1754624030819 -0.5155015638821174 20
1754624030937 -0.5130543002478208 21
1754624031096 -0.8499144005178124 22
1754624031118 -0.14457218721123272 23
1754624031148 -0.1445394307666197 24
1754624031162 -0.09870828214533495 25
1754624031190 -0.139153266387109 26
1754624031384 -1.1116245108768255 27
1754624031434 -0.272030753900807 28
1754624031459 -0.11108219095661989 29
1754624031584 -0.6363050183975895 30
1754624031606 -0.1297880837787382 31
1754624031618 -0.07923772371672853 32
1754624031639 -0.11976709825649635 33
1754624031671 -0.16655857417556375 34
1754624031722 -0.2443487016908224 35
1754624031871 -0.7655764310998062 36
1754624031976 -0.48471800517439273 37
1754624032045 -0.3597515666397148 38
1754624032116 -0.40169085892531736 39
1754624032155 -0.15870974914985467 40
1754624032192 -0.17197838458337888 41
1754624032304 -0.5796969279249793 42
1754624032404 -0.4579030020788704 43
1754624032448 -0.2279612389517281 44
1754624032477 -0.19129176129866862 45
1754624032522 -0.19153037392056876 46
1754624032587 -0.2755705979218306 47
1754624032643 -0.35972331220204484 48
1754624032802 -0.7718866961500052 49
1754624032827 -0.13634559102768798 50
1754624032852 -0.10282306778065241 51
1754624032972 -0.5798870326307459 52
1754624033190 -1.2948562133577821 53
1754624033208 -0.07518634221944295 54
1754624033248 -0.19557074184116768 55
1754624033273 -0.11001089261088151 56
1754624033403 -0.6662776203704803 57
1754624033434 -0.1983421852842313 58
1754624033465 -0.18884984649168568 59
1754624033619 -0.792201908105399 60
1754624033804 -0.876326462461176 61
1754624033853 -0.23963711686342348 62
1754624034009 -0.8405195467548809 63
1754624034034 -0.17102968811779137 64
1754624034069 -0.1663702748201554 65
1754624034151 -0.37286348559450144 66
1754624034187 -0.17245962129640904 67
1754624034366 -0.9926812154512347 68
1754624034377 -0.06010931005108689 69
1754624034437 -0.2924505393132685 70
1754624034546 -0.555924639931202 71
1754624034647 -0.5660776469863726 72
1754624034710 -0.25138345986547633 73
1754624034797 -0.4594591560282587 74
1754624034822 -0.15483951244820118 75
1754624034850 -0.11937349664841017 76
1754624034948 -0.5104285843830041 77
1754624034997 -0.3276758460275755 78
1754624035042 -0.16235991995263638 79
1754624035094 -0.2649383875488737 80
1754624035243 -0.6971840945837955 81
1754624035322 -0.3858804773502797 82
1754624035369 -0.23498854759851923 83
1754624035594 -1.2086787149507272 84
1754624035625 -0.1652444855116725 85
1754624035668 -0.23892907857188045 86
1754624035681 -0.05025489193802476 87
1754624035835 -0.7931448972013738 88
1754624035858 -0.08827265878772896 89
1754624035882 -0.09241593660528395 90
1754624035915 -0.16395139519319846 91
1754624035951 -0.1969974743189059 92
1754624036086 -0.7034298647834343 93
1754624036097 -0.05929152444738175 94
1754624036195 -0.6046154672176005 95
1754624036356 -0.9461290376951621 96
1754624036373 -0.08171104968826033 97
1754624036427 -0.29217096849372776 98
1754624036447 -0.08366927833346509 99
