1754624029119 77.0 0
1754624029388 146.0 1
1754624029431 26.0 2
1754624029525 51.0 3
1754624029688 94.0 4
1754624029785 54.0 5
1754624029815 17.0 6
1754624029867 24.0 7
1754624029970 39.0 8
1754624030020 31.0 9
1754624030040 10.0 10
1754624030068 18.0 11
1754624030094 11.0 12
1754624030180 47.0 13
1754624030216 21.0 14
1754624030299 49.0 15
1754624030339 23.0 16
1754624030386 27.0 17
1754624030465 43.0 18
1754624030675 40.0 19
1754624030819 56.0 20
1754624030937 55.0 21
1754624031096 89.0 22
1754624031118 16.0 23
1754624031148 17.0 24
1754624031162 10.0 25
1754624031190 16.0 26
1754624031384 117.0 27
1754624031434 30.0 28
1754624031459 13.0 29
1754624031584 67.0 30
1754624031606 14.0 31
1754624031618 8.0 32
1754624031639 12.0 33
1754624031671 18.0 34
1754624031722 29.0 35
1754624031871 83.0 36
1754624031976 53.0 37
1754624032045 39.0 38
1754624032116 43.0 39
1754624032155 19.0 40
1754624032192 20.0 41
1754624032304 62.0 42
1754624032404 51.0 43
1754624032448 26.0 44
1754624032477 19.0 45
1754624032522 22.0 46
1754624032587 31.0 47
1754624032643 40.0 48
1754624032802 83.0 49
1754624032827 15.0 50
1754624032852 11.0 51
1754624032972 62.0 52
1754624033190 134.0 53
1754624033208 9.0 54
1754624033248 22.0 55
1754624033273 12.0 56
1754624033403 72.0 57
1754624033434 21.0 58
1754624033465 20.0 59
1754624033619 84.0 60
1754624033804 91.0 61
1754624033853 26.0 62
1754624034009 89.0 63
1754624034034 18.0 64
1754624034069 19.0 65
1754624034151 42.0 66
1754624034187 19.0 67
1754624034366 104.0 68
1754624034377 6.0 69
1754624034437 33.0 70
1754624034546 61.0 71
1754624034647 61.0 72
1754624034710 28.0 73
1754624034797 51.0 74
1754624034822 16.0 75
1754624034850 14.0 76
1754624034948 56.0 77
1754624034997 35.0 78
1754624035042 20.0 79
1754624035094 30.0 80
1754624035243 76.0 81
1754624035322 41.0 82
1754624035369 26.0 83
1754624035594 127.0 84
1754624035625 18.0 85
1754624035668 26.0 86
1754624035681 6.0 87
1754624035835 83.0 88
1754624035858 10.0 89
1754624035882 11.0 90
1754624035915 18.0 91
1754624035951 22.0 92
1754624036086 75.0 93
1754624036097 6.0 94
1754624036195 64.0 95
1754624036356 99.0 96
1754624036373 9.0 97
1754624036427 33.0 98
1754624036447 10.0 99
