1754624029119 0.6742164411649052 0
1754624029388 0.7046947886377005 1
1754624029431 0.707009538567555 2
1754624029525 0.6803635868695365 3
1754624029688 0.6962142001024942 4
1754624029785 0.6442889775460904 5
1754624029815 0.7573146329913578 6
1754624029867 0.6923588174035136 7
1754624029970 0.6570335008904751 8
1754624030020 0.6733837000776169 9
1754624030040 0.7133053884042632 10
1754624030068 0.7044778954716167 11
1754624030094 0.7269989761946842 12
1754624030180 0.6660779554783484 13
1754624030216 0.8051121767993268 14
1754624030299 0.7866144231587927 15
1754624030339 0.6861332923079491 16
1754624030386 0.6855633960239096 17
1754624030465 0.712042316843117 18
1754624030675 0.7164190553279088 19
1754624030819 0.6518697954932614 20
1754624030937 0.7338636442559168 21
1754624031096 0.760060726398866 22
1754624031118 0.6765357109052007 23
1754624031148 0.6963246887959835 24
1754624031162 0.7209523820946879 25
1754624031190 0.66967364940114 26
1754624031384 0.7288791517028074 27
1754624031434 0.7679405570944029 28
1754624031459 0.7844826396139826 29
1754624031584 0.6425951692367142 30
1754624031606 0.7057695764451688 31
1754624031618 0.6716713930460865 32
1754624031639 0.6904099620570137 33
1754624031671 0.6577635501933884 34
1754624031722 0.6948790267526533 35
1754624031871 0.680672003644108 36
1754624031976 0.7269615789019737 37
1754624032045 0.6783811292796657 38
1754624032116 0.7128605695840103 39
1754624032155 0.7124195270781964 40
1754624032192 0.6777294051834751 41
1754624032304 0.7147444817992133 42
1754624032404 0.7157914591285162 43
1754624032448 0.7161519295566865 44
1754624032477 0.6634528831630723 45
1754624032522 0.7090859161449099 46
1754624032587 0.7294944302085976 47
1754624032643 0.6873929239593273 48
1754624032802 0.6830268883310217 49
1754624032827 0.6898367659030625 50
1754624032852 0.7366805628639067 51
1754624032972 0.7215169301299214 52
1754624033190 0.6667471565651591 53
1754624033208 0.7388054148670251 54
1754624033248 0.701648726829603 55
1754624033273 0.6559331523882761 56
1754624033403 0.709283256884082 57
1754624033434 0.6844154110499698 58
1754624033465 0.6260371583993851 59
1754624033619 0.7022367026596619 60
1754624033804 0.6940169666792263 61
1754624033853 0.6886224949951812 62
1754624034009 0.6901815455334812 63
1754624034034 0.7123721837515467 64
1754624034069 0.6907203143859949 65
1754624034151 0.6942222819278341 66
1754624034187 0.699052704005355 67
1754624034366 0.7219157509773156 68
1754624034377 0.7624451225478357 69
1754624034437 0.6519698884096394 70
1754624034546 0.6953138996562693 71
1754624034647 0.6792905124166295 72
1754624034710 0.749878601877976 73
1754624034797 0.6195807403164405 74
1754624034822 0.6263656780353419 75
1754624034850 0.698953073871665 76
1754624034948 0.7377076198102642 77
1754624034997 0.6598516007203894 78
1754624035042 0.7067799297529221 79
1754624035094 0.7042252443505068 80
1754624035243 0.6480263332742779 81
1754624035322 0.7109239081476821 82
1754624035369 0.6675686329682959 83
1754624035594 0.6938225974422251 84
1754624035625 0.6878678175015065 85
1754624035668 0.7160681742216694 86
1754624035681 0.7337303362366642 87
1754624035835 0.6917890194981127 88
1754624035858 0.6922918093246931 89
1754624035882 0.7426226448297768 90
1754624035915 0.6803147692887122 91
1754624035951 0.6501583699160484 92
1754624036086 0.7413264659892509 93
1754624036097 0.6745393044438277 94
1754624036195 0.6701803236559922 95
1754624036356 0.6570694678105222 96
1754624036373 0.7707346345248214 97
1754624036427 0.7136067116391912 98
1754624036447 0.6490158680467827 99
