1754624021312 0.12385488693081885 0
1754624021369 0.11232559054995676 1
1754624021715 0.10311390838192436 2
1754624021757 0.10558726399095542 3
1754624021793 0.11083789798066368 4
1754624021825 0.11979433913193813 5
1754624021877 0.10558790897563433 6
1754624021906 0.12337435643472194 7
1754624021926 0.11004039519738547 8
1754624021977 0.10984324483001313 9
1754624022078 0.12228094111996024 10
1754624022102 0.11151642832909728 11
1754624022130 0.1254197059843764 12
1754624022156 0.12155094606455086 13
1754624022243 0.106244525982448 14
1754624022278 0.13454765508609506 15
1754624022360 0.11220341483084448 16
1754624022395 0.11939645365731735 17
1754624022426 0.11137487176233066 18
1754624022502 0.10060759165457622 19
1754624022562 0.1071940745732608 20
1754624022593 0.11289690307092115 21
1754624022698 0.1155727039957789 22
1754624022833 0.1093795596725804 23
1754624022856 0.12332418715307343 24
1754624022909 0.1103244833714622 25
1754624022937 0.1089419476973305 26
1754624022970 0.12951409441883588 27
1754624023050 0.10926682162190564 28
1754624023090 0.1317404341526652 29
1754624023191 0.0957171640145228 30
1754624023355 0.12039643572918139 31
1754624023376 0.10977241537826281 32
1754624023388 0.10442411278068317 33
1754624023411 0.10547274417031918 34
1754624023442 0.11417613806468019 35
1754624023498 0.10356223345817654 36
1754624023519 0.10812225238322734 37
1754624023584 0.11071920174374068 38
1754624023656 0.105845147448971 39
1754624023740 0.12166756143140359 40
1754624023776 0.10601693239451619 41
1754624023813 0.11853763034479947 42
1754624023932 0.11284394761687308 43
1754624023981 0.10453479036042093 44
1754624024056 0.10487737809410039 45
1754624024097 0.10902705810785304 46
1754624024142 0.11515142973095938 47
1754624024200 0.1301123918393548 48
1754624024265 0.10237294487152904 49
1754624024454 0.10443015612889335 50
1754624024480 0.1338738837541543 51
1754624024567 0.12733848905300854 52
1754624024618 0.09560299260572305 53
1754624024651 0.10450834124108568 54
1754624024670 0.10445840255132481 55
1754624024711 0.10549152657280166 56
1754624024789 0.119515625752186 57
1754624024856 0.1146946187037654 58
1754624024878 0.11737768115618885 59
1754624024909 0.1074810822150414 60
1754624025057 0.09921947538939993 61
1754624025080 0.12462532427260667 62
1754624025138 0.11651453409065966 63
1754624025319 0.09940050402523623 64
1754624025385 0.11915180565455892 65
1754624025422 0.10731314392991398 66
1754624025477 0.10256751204716094 67
1754624025514 0.11406091304159989 68
1754624025558 0.1051939699463714 69
1754624025569 0.10936394549487202 70
1754624025629 0.10804410283076735 71
1754624025740 0.12122906375711104 72
1754624025842 0.11212649818754414 73
1754624025883 0.10502271227030444 74
1754624026058 0.10912841532636393 75
1754624026207 0.10021032177974079 76
1754624026238 0.11213408438805747 77
1754624026335 0.09968039973225248 78
1754624026368 0.12021250416954798 79
1754624026415 0.11591367755562113 80
1754624026479 0.11724065644318256 81
1754624026550 0.1170916662736197 82
1754624026633 0.1237763180969846 83
1754624026676 0.1190273594314264 84
1754624026713 0.11758133461893398 85
1754624026745 0.12159924967257618 86
1754624027021 0.08962339937920995 87
1754624027035 0.10618855951281021 88
1754624027179 0.10880247077072427 89
1754624027237 0.10775823349251516 90
1754624027264 0.10773773475719699 91
1754624027341 0.12885682625870865 92
1754624027376 0.11334867461468048 93
1754624027506 0.11098471292095875 94
1754624027517 0.12404639468183813 95
1754624027615 0.11368426800963168 96
1754624027724 0.11291279708930597 97
1754624027741 0.10579131135322661 98
1754624027802 0.11303593629839644 99
