1754624021312 0.056057865301653874 0
1754624021369 0.0711608318112841 1
1754624021715 0.04591546642027927 2
1754624021757 0.07525638098561035 3
1754624021793 0.07815388533697148 4
1754624021825 0.08577342544317468 5
1754624021877 0.09194531265676052 6
1754624021906 0.09656888346658553 7
1754624021926 0.0815620636815034 8
1754624021977 0.0886165824649999 9
1754624022078 0.07199119735497385 10
1754624022102 0.09070940160694727 11
1754624022130 0.1090028748447257 12
1754624022156 0.09532241700917096 13
1754624022243 0.06474737357546889 14
1754624022278 0.08238045225758538 15
1754624022360 0.06730895195937477 16
1754624022395 0.0985105612102011 17
1754624022426 0.08063206135651035 18
1754624022502 0.0650648269702481 19
1754624022562 0.07432289675347856 20
1754624022593 0.08115591875769756 21
1754624022698 0.062893774256155 22
1754624022833 0.06828867929290354 23
1754624022856 0.09855605455379238 24
1754624022909 0.08479106718993262 25
1754624022937 0.08962228950431947 26
1754624022970 0.09580998658276414 27
1754624023050 0.06651136084020366 28
1754624023090 0.088903931521829 29
1754624023191 0.060538447844248756 30
1754624023355 0.04607579456370777 31
1754624023376 0.08856739947788571 32
1754624023388 0.11641496603615342 33
1754624023411 0.11798126365642866 34
1754624023442 0.09812482849394574 35
1754624023498 0.08140391975479538 36
1754624023519 0.10983043944610256 37
1754624023584 0.06679934034708028 38
1754624023656 0.06683606983538964 39
1754624023740 0.05991650178804962 40
1754624023776 0.08026680149220808 41
1754624023813 0.11004126748930183 42
1754624023932 0.059358751207106784 43
1754624023981 0.08054112928231545 44
1754624024056 0.07295421402784888 45
1754624024097 0.10768359770198474 46
1754624024142 0.08518905486380438 47
1754624024200 0.06130848964472972 48
1754624024265 0.07247029641312532 49
1754624024454 0.05534005665788945 50
1754624024480 0.09587739581592954 51
1754624024567 0.07775979424001693 52
1754624024618 0.08821047151426815 53
1754624024651 0.08001299001279283 54
1754624024670 0.10345521425874579 55
1754624024711 0.07944196210945914 56
1754624024789 0.06771455863765975 57
1754624024856 0.06839850650439547 58
1754624024878 0.10279752571044183 59
1754624024909 0.09943767820505511 60
1754624025057 0.044925491591691694 61
1754624025080 0.10432177927577979 62
1754624025138 0.08735640769464625 63
1754624025319 0.053593956590666736 64
1754624025385 0.0651969652878889 65
1754624025422 0.0817600452434461 66
1754624025477 0.07442575587362535 67
1754624025514 0.0793590490567164 68
1754624025558 0.07006518608451054 69
1754624025569 0.09745457791715186 70
1754624025629 0.06387768098696833 71
1754624025740 0.057350946325971465 72
1754624025842 0.05462482298828503 73
1754624025883 0.08136548773933176 74
1754624026058 0.0630831464852355 75
1754624026207 0.07210021610923992 76
1754624026238 0.07858784150675091 77
1754624026335 0.06287264761117474 78
1754624026368 0.10026109819493094 79
1754624026415 0.06831086077391894 80
1754624026479 0.07908926126777342 81
1754624026550 0.08954152591828062 82
1754624026633 0.06587212080612186 83
1754624026676 0.0814561714712692 84
1754624026713 0.09694458151385062 85
1754624026745 0.09466597893096747 86
1754624027021 0.04681878843253553 87
1754624027035 0.10373047688744741 88
1754624027179 0.05315224389474956 89
1754624027237 0.06431602601615567 90
1754624027264 0.08207164576862674 91
1754624027341 0.08154443093546589 92
1754624027376 0.09232496765351818 93
1754624027506 0.05153051433706901 94
1754624027517 0.10630653066533602 95
1754624027615 0.07308652491767609 96
1754624027724 0.06719251951929005 97
1754624027741 0.11463469149863907 98
1754624027802 0.08399826825102566 99
