1754624021312 0.07909494825072035 0
1754624021369 0.03999995904086138 1
1754624021715 0.12281768660688464 2
1754624021757 0.09080982544486549 3
1754624021793 0.07768271051300993 4
1754624021825 0.08453878863230191 5
1754624021877 0.11589259999783437 6
1754624021906 0.06305193372582263 7
1754624021926 0.1504855070419236 8
1754624021977 0.08482073064403366 9
1754624022078 0.07645817032778535 10
1754624022102 0.15025742252810198 11
1754624022130 0.06556383242345536 12
1754624022156 0.12437844754219221 13
1754624022243 0.07891715244892339 14
1754624022278 0.1809563877708243 15
1754624022360 0.14429322861877783 16
1754624022395 0.09004481363410317 17
1754624022426 0.10973023127125252 18
1754624022502 0.06038432788737982 19
1754624022562 0.07583280730287215 20
1754624022593 0.09257565241178903 21
1754624022698 0.12584730971862151 22
1754624022833 0.10213490389316622 23
1754624022856 0.11921548722209518 24
1754624022909 0.09341796462369327 25
1754624022937 0.20372432996510065 26
1754624022970 0.1361919227766027 27
1754624023050 0.18057556917406217 28
1754624023090 0.11977293451200151 29
1754624023191 0.12467452727063844 30
1754624023355 0.14126925585398062 31
1754624023376 0.17115432056369356 32
1754624023388 0.13108981428600544 33
1754624023411 0.08808327520420889 34
1754624023442 0.05384799625823433 35
1754624023498 0.07917320087618815 36
1754624023519 0.16446823191346632 37
1754624023584 0.07960642673656756 38
1754624023656 0.10367867060291598 39
1754624023740 0.08533793920719343 40
1754624023776 0.06949188900182382 41
1754624023813 0.07272091194702793 42
1754624023932 0.17410168198272533 43
1754624023981 0.11457843330399627 44
1754624024056 0.060845104758333865 45
1754624024097 0.14802628509354304 46
1754624024142 0.07721905560968789 47
1754624024200 0.18053282836289047 48
1754624024265 0.09482957189594945 49
1754624024454 0.06867759207221891 50
1754624024480 0.10318121514289232 51
1754624024567 0.10146396348587619 52
1754624024618 0.1131256461764238 53
1754624024651 0.09343302749742399 54
1754624024670 0.09355355541247742 55
1754624024711 0.1279093204351099 56
1754624024789 0.09101857105060454 57
1754624024856 0.2117690548657519 58
1754624024878 0.09948261389508506 59
1754624024909 0.07531605540766151 60
1754624025057 0.08081082846187612 61
1754624025080 0.15702586290647175 62
1754624025138 0.04519466614005925 63
1754624025319 0.10804546198845948 64
1754624025385 0.2063199048884295 65
1754624025422 0.11417480559977555 66
1754624025477 0.15958359734022967 67
1754624025514 0.16722367609944494 68
1754624025558 0.09997389782940527 69
1754624025569 0.1550482593465178 70
1754624025629 0.12225132566276287 71
1754624025740 0.0676232736552869 72
1754624025842 0.13992080987598782 73
1754624025883 0.15557827770285487 74
1754624026058 0.10157319524435807 75
1754624026207 0.12407075171129253 76
1754624026238 0.08462028432001567 77
1754624026335 0.08701766415578689 78
1754624026368 0.16054830078529356 79
1754624026415 0.0995598590587882 80
1754624026479 0.14033473475626188 81
1754624026550 0.06239415805867967 82
1754624026633 0.10650158873111763 83
1754624026676 0.1670265292973193 84
1754624026713 0.12824964568563874 85
1754624026745 0.11824267373967831 86
1754624027021 0.08262654722837706 87
1754624027035 0.1511424001562302 88
1754624027179 0.10613565853519517 89
1754624027237 0.12635700709760728 90
1754624027264 0.16162657524074914 91
1754624027341 0.09821036248077544 92
1754624027376 0.023430278093014855 93
1754624027506 0.09124712485844935 94
1754624027517 0.11765493862068369 95
1754624027615 0.09507894331913339 96
1754624027724 0.1338623459249316 97
1754624027741 0.18059471751437642 98
1754624027802 0.14787279196618427 99
