1754624021312 -0.6876594086953723 0
1754624021369 -0.30184546899363135 1
1754624021715 -1.953644407395834 2
1754624021757 -0.22936529460607874 3
1754624021793 -0.13828233015847122 4
1754624021825 -0.1529423627484486 5
1754624021877 -0.21031507204115757 6
1754624021906 -0.1435232224119102 7
1754624021926 -0.08084572595131333 8
1754624021977 -0.3531975245950366 9
1754624022078 -0.4432888647790398 10
1754624022102 -0.09550810876195281 11
1754624022130 -0.18014620684034333 12
1754624022156 -0.09034324001136006 13
1754624022243 -0.4374080783913799 14
1754624022278 -0.1819771278392291 15
1754624022360 -0.43234098489790285 16
1754624022395 -0.21401656110649298 17
1754624022426 -0.10938676812969866 18
1754624022502 -0.38536283021689277 19
1754624022562 -0.37306293063088897 20
1754624022593 -0.14871257602389168 21
1754624022698 -0.5076963458617615 22
1754624022833 -0.6675605870544885 23
1754624022856 -0.14911053057042295 24
1754624022909 -0.30646763345271777 25
1754624022937 -0.1929990255512439 26
1754624022970 -0.21897162466434533 27
1754624023050 -0.49714291699919283 28
1754624023090 -0.21952546200442485 29
1754624023191 -0.5063289199150671 30
1754624023355 -0.7401561693785589 31
1754624023376 -0.12911260465976998 32
1754624023388 -0.06923869674942988 33
1754624023411 -0.12083656059915565 34
1754624023442 -0.1660084803619733 35
1754624023498 -0.2715637556054481 36
1754624023519 -0.10105501783005001 37
1754624023584 -0.2927145848623432 38
1754624023656 -0.39757350182740236 39
1754624023740 -0.4522816064902421 40
1754624023776 -0.1627026380733795 41
1754624023813 -0.18325811239089648 42
1754624023932 -0.6312986734417595 43
1754624023981 -0.22809750189877206 44
1754624024056 -0.4832100129997569 45
1754624024097 -0.28095261408927363 46
1754624024142 -0.18854148204982452 47
1754624024200 -0.22979633428831187 48
1754624024265 -0.36200569745910827 49
1754624024454 -0.7602654031196386 50
1754624024480 -0.13596396608918293 51
1754624024567 -0.468335980478072 52
1754624024618 -0.2634664011960568 53
1754624024651 -0.15615951031145225 54
1754624024670 -0.08518634221944295 55
1754624024711 -0.20430102216462162 56
1754624024789 -0.4278309230043951 57
1754624024856 -0.311910823207731 58
1754624024878 -0.11624158744415125 59
1754624024909 -0.17228741086274704 60
1754624025057 -0.7327323107494721 61
1754624025080 -0.15119344759676567 62
1754624025138 -0.29620656707132065 63
1754624025319 -0.8655031700954826 64
1754624025385 -0.3431512425961855 65
1754624025422 -0.17930532918343073 66
1754624025477 -0.23687682854216344 67
1754624025514 -0.1802404022176074 68
1754624025558 -0.20151901451551926 69
1754624025569 -0.05995360851111752 70
1754624025629 -0.2956142794970124 71
1754624025740 -0.5554098413899367 72
1754624025842 -0.5754139733084214 73
1754624025883 -0.2013483770104813 74
1754624026058 -0.9213990000391256 75
1754624026207 -0.8016295214165141 76
1754624026238 -0.14674341954036452 77
1754624026335 -0.501963152476007 78
1754624026368 -0.20629900869195908 79
1754624026415 -0.16948496630164422 80
1754624026479 -0.3466098708183808 81
1754624026550 -0.32842831772883135 82
1754624026633 -0.37455990978961146 83
1754624026676 -0.23777128845098883 84
1754624026713 -0.19535007790944317 85
1754624026745 -0.18281652803300547 86
1754624027021 -1.488071125161165 87
1754624027035 -0.046856743218195364 88
1754624027179 -0.7830718294977429 89
1754624027237 -0.2136106132510308 90
1754624027264 -0.09589095213632344 91
1754624027341 -0.40225977328150525 92
1754624027376 -0.20111754814083477 93
1754624027506 -0.7095397909427007 94
1754624027517 -0.05924972725604494 95
1754624027615 -0.5907640807622688 96
1754624027724 -0.581925196791294 97
1754624027741 -0.07500893215977134 98
1754624027802 -0.3095636937682325 99
