1754624021312 74.0 0
1754624021369 33.0 1
1754624021715 200.0 2
1754624021757 26.0 3
1754624021793 16.0 4
1754624021825 17.0 5
1754624021877 24.0 6
1754624021906 17.0 7
1754624021926 10.0 8
1754624021977 37.0 9
1754624022078 49.0 10
1754624022102 11.0 11
1754624022130 19.0 12
1754624022156 11.0 13
1754624022243 47.0 14
1754624022278 21.0 15
1754624022360 49.0 16
1754624022395 23.0 17
1754624022426 13.0 18
1754624022502 43.0 19
1754624022562 41.0 20
1754624022593 17.0 21
1754624022698 55.0 22
1754624022833 71.0 23
1754624022856 16.0 24
1754624022909 34.0 25
1754624022937 21.0 26
1754624022970 24.0 27
1754624023050 54.0 28
1754624023090 23.0 29
1754624023191 56.0 30
1754624023355 79.0 31
1754624023376 14.0 32
1754624023388 7.0 33
1754624023411 12.0 34
1754624023442 18.0 35
1754624023498 31.0 36
1754624023519 11.0 37
1754624023584 33.0 38
1754624023656 44.0 39
1754624023740 49.0 40
1754624023776 18.0 41
1754624023813 20.0 42
1754624023932 67.0 43
1754624023981 26.0 44
1754624024056 51.0 45
1754624024097 29.0 46
1754624024142 21.0 47
1754624024200 26.0 48
1754624024265 40.0 49
1754624024454 82.0 50
1754624024480 15.0 51
1754624024567 49.0 52
1754624024618 29.0 53
1754624024651 18.0 54
1754624024670 10.0 55
1754624024711 23.0 56
1754624024789 46.0 57
1754624024856 36.0 58
1754624024878 13.0 59
1754624024909 19.0 60
1754624025057 78.0 61
1754624025080 15.0 62
1754624025138 32.0 63
1754624025319 92.0 64
1754624025385 38.0 65
1754624025422 20.0 66
1754624025477 27.0 67
1754624025514 20.0 68
1754624025558 23.0 69
1754624025569 6.0 70
1754624025629 33.0 71
1754624025740 61.0 72
1754624025842 62.0 73
1754624025883 22.0 74
1754624026058 98.0 75
1754624026207 83.0 76
1754624026238 17.0 77
1754624026335 55.0 78
1754624026368 21.0 79
1754624026415 20.0 80
1754624026479 38.0 81
1754624026550 37.0 82
1754624026633 41.0 83
1754624026676 26.0 84
1754624026713 21.0 85
1754624026745 20.0 86
1754624027021 156.0 87
1754624027035 6.0 88
1754624027179 82.0 89
1754624027237 25.0 90
1754624027264 11.0 91
1754624027341 43.0 92
1754624027376 22.0 93
1754624027506 75.0 94
1754624027517 6.0 95
1754624027615 63.0 96
1754624027724 62.0 97
1754624027741 9.0 98
1754624027802 35.0 99
