1754624021312 0.628545144798562 0
1754624021369 0.6700620683592958 1
1754624021715 0.7123327937383234 2
1754624021757 0.7078018494180631 3
1754624021793 0.6787616939492903 4
1754624021825 0.6910577070388054 5
1754624021877 0.642798322334367 6
1754624021906 0.7554504294455148 7
1754624021926 0.6918144949941741 8
1754624021977 0.65555876429753 9
1754624022078 0.6747810567612748 10
1754624022102 0.7131722551949299 11
1754624022130 0.7029043326808788 12
1754624022156 0.7274546315668611 13
1754624022243 0.666557298622644 14
1754624022278 0.8043220601512943 15
1754624022360 0.7842611815535228 16
1754624022395 0.683016673120664 17
1754624022426 0.6820060243487795 18
1754624022502 0.7089589182381709 19
1754624022562 0.7153675318990717 20
1754624022593 0.6471972633338998 21
1754624022698 0.7322195832780867 22
1754624022833 0.7574243622419976 23
1754624022856 0.6780414908133975 24
1754624022909 0.697560639106479 25
1754624022937 0.7268633728808441 26
1754624022970 0.6698300651658745 27
1754624023050 0.7252024758503598 28
1754624023090 0.7683929993434516 29
1754624023191 0.7887191502010747 30
1754624023355 0.6473590352818471 31
1754624023376 0.7059353535673131 32
1754624023388 0.6720160667006103 33
1754624023411 0.6897239891853351 34
1754624023442 0.6564224003533706 35
1754624023498 0.6939154689958235 36
1754624023519 0.6744771126541985 37
1754624023584 0.7240783196117764 38
1754624023656 0.6789562158153284 39
1754624023740 0.7122204808203846 40
1754624023776 0.7125726408551569 41
1754624023813 0.6770563418536509 42
1754624023932 0.7141200886877968 43
1754624023981 0.7132442946800168 44
1754624024056 0.7144153654815941 45
1754624024097 0.6633620810039403 46
1754624024142 0.7078238828845589 47
1754624024200 0.7265366643455751 48
1754624024265 0.6865456266005637 49
1754624024454 0.6849911493762262 50
1754624024480 0.6893148599469308 51
1754624024567 0.7354635700666677 52
1754624024618 0.7230124658200104 53
1754624024651 0.6653486485894643 54
1754624024670 0.7388054148670251 55
1754624024711 0.700586724559216 56
1754624024789 0.6550730339199566 57
1754624024856 0.7101550951464399 58
1754624024878 0.6836660430664582 59
1754624024909 0.626624472420121 60
1754624025057 0.7031927372943089 61
1754624025080 0.6932720659564687 62
1754624025138 0.6867416524327814 63
1754624025319 0.6891619949619188 64
1754624025385 0.7144162275717726 65
1754624025422 0.6897617726662124 66
1754624025477 0.6936255574723781 67
1754624025514 0.699339173921604 68
1754624025558 0.715278351105452 69
1754624025569 0.7627129525006137 70
1754624025629 0.6528848915202803 71
1754624025740 0.6925873000835682 72
1754624025842 0.6781920056577654 73
1754624025883 0.7505321679865189 74
1754624026058 0.6253399464503573 75
1754624026207 0.6220474625208304 76
1754624026238 0.7005650435972488 77
1754624026335 0.7387753139447542 78
1754624026368 0.6569764558398422 79
1754624026415 0.7072833354161754 80
1754624026479 0.7011165545717281 81
1754624026550 0.6450869488403137 82
1754624026633 0.7114544271846801 83
1754624026676 0.6675885891819737 84
1754624026713 0.6891570830007797 85
1754624026745 0.6872529778168035 86
1754624027021 0.7291507115091083 87
1754624027035 0.7337303362366642 88
1754624027179 0.687220866886643 89
1754624027237 0.6933266167192315 90
1754624027264 0.7422741210381286 91
1754624027341 0.6782021107904025 92
1754624027376 0.6494566980537717 93
1754624027506 0.7394151682514065 94
1754624027517 0.6745550632760109 95
1754624027615 0.6703993863802402 96
1754624027724 0.655348716442194 97
1754624027741 0.7707346345248214 98
1754624027802 0.7157196434258055 99
