1754619508111 0.0829819670741323 0
1754619508125 0.10283054236383896 1
1754619508186 0.12558069783551584 2
1754619508205 0.11301646319249728 3
1754619508266 0.11091514003851136 4
1754619508278 0.10758492896309106 5
1754619508318 0.10930869919646842 6
1754619508341 0.11864609435166155 7
1754619508483 0.09169899632699867 8
1754619508501 0.12479234910825274 9
1754619508671 0.09188256719004685 10
1754619508844 0.09224179198831148 11
1754619508921 0.11752593199195578 12
1754619508939 0.10770496103620886 13
1754619508963 0.1246630011716396 14
1754619509052 0.11363796172645264 15
1754619509102 0.1013871980684995 16
1754619509118 0.1336586039594895 17
1754619509210 0.10683994889313139 18
1754619509260 0.11642325379592988 19
1754619509288 0.10820647231152161 20
1754619509479 0.07678432540929941 21
1754619509555 0.10249171122368679 22
1754619509597 0.10852625983473219 23
1754619509625 0.11977327713354022 24
1754619509743 0.10056440682189574 25
1754619509792 0.11784820686113143 26
1754619509816 0.11098665335366924 27
1754619509952 0.09778208977583416 28
1754619509990 0.12599545637615517 29
1754619510017 0.11095830197856076 30
1754619510079 0.1269184725760382 31
1754619510229 0.09075192227071495 32
1754619510267 0.12366008633005983 33
1754619510325 0.10552153035275857 34
1754619510402 0.10043382275728407 35
1754619510552 0.08977493072651968 36
1754619510703 0.10013791589044943 37
1754619510810 0.09364814042891481 38
1754619510971 0.0844394308957232 39
1754619511055 0.1093968816646913 40
1754619511218 0.09268932507173919 41
1754619511238 0.12165978612316604 42
1754619511301 0.10189078557373654 43
1754619511340 0.11943342750531413 44
1754619511487 0.10078881378582645 45
1754619511542 0.10118003574375829 46
1754619511565 0.10564883683818868 47
1754619511579 0.11137354370324012 48
1754619511605 0.11301451737689368 49
1754619511683 0.12394386231796975 50
1754619511747 0.09901158174665978 51
1754619511760 0.1106618980889954 52
1754619511964 0.10929413529948706 53
1754619512047 0.11965033089666839 54
1754619512146 0.08781624111611759 55
1754619512191 0.1011206979648916 56
1754619512204 0.10665847289479591 57
1754619512239 0.10516736025423623 58
1754619512268 0.12000563570062699 59
1754619512306 0.11555145677482019 60
1754619512475 0.09439920744699597 61
1754619512648 0.08516581323246672 62
1754619512824 0.08088376774931509 63
1754619512893 0.11707569346291695 64
1754619513031 0.09659157597101195 65
1754619513066 0.10595981674398376 66
1754619513165 0.11094804611070659 67
1754619513302 0.09929169291586888 68
1754619513412 0.08965167497906627 69
1754619513453 0.11145397656516931 70
1754619513555 0.09538404127647936 71
1754619513689 0.09425998510533552 72
1754619513834 0.09778961451713145 73
1754619513910 0.11950427634534959 74
1754619514000 0.10556085737296647 75
1754619514015 0.10665753887468288 76
1754619514188 0.0958378120741048 77
1754619514254 0.1008522798866029 78
1754619514407 0.09540120716272754 79
