1754619508111 0.051548982940927135 0
1754619508125 0.09183817779863426 1
1754619508186 0.05810892103873635 2
1754619508205 0.0881735013155139 3
1754619508266 0.06563857472990105 4
1754619508278 0.10585437759246838 5
1754619508318 0.07228484457086068 6
1754619508341 0.07360396252829936 7
1754619508483 0.057880243958006575 8
1754619508501 0.12048321512002377 9
1754619508671 0.04648293746600396 10
1754619508844 0.04913484994439345 11
1754619508921 0.05626798718151136 12
1754619508939 0.09021981487213239 13
1754619508963 0.0806958764956264 14
1754619509052 0.06261236062305167 15
1754619509102 0.05195663851223146 16
1754619509118 0.0953046838686549 17
1754619509210 0.060819598035559516 18
1754619509260 0.0656216357146685 19
1754619509288 0.05552632192626472 20
1754619509479 0.045392366504984294 21
1754619509555 0.059461067340293695 22
1754619509597 0.061299437446472725 23
1754619509625 0.06277990299882422 24
1754619509743 0.058280232179653946 25
1754619509792 0.06140802847245362 26
1754619509816 0.08607650773801975 27
1754619509952 0.048582145093476116 28
1754619509990 0.0687474811979997 29
1754619510017 0.08566137384114875 30
1754619510079 0.055155112791405836 31
1754619510229 0.04598628933305341 32
1754619510267 0.048536345866028764 33
1754619510325 0.05828907979668212 34
1754619510402 0.05783364857862387 35
1754619510552 0.051217343848472444 36
1754619510703 0.05332769438587746 37
1754619510810 0.0546383315764986 38
1754619510971 0.04967192881577444 39
1754619511055 0.059818422120951634 40
1754619511218 0.04600136875696539 41
1754619511238 0.08756168431008127 42
1754619511301 0.06307138426956381 43
1754619511340 0.0997889849894491 44
1754619511487 0.04539672350164427 45
1754619511542 0.06274838644608097 46
1754619511565 0.0703557225251154 47
1754619511579 0.11764346454634826 48
1754619511605 0.07905327782840613 49
1754619511683 0.044387885543022795 50
1754619511747 0.0719345432962771 51
1754619511760 0.09959687323041169 52
1754619511964 0.052130360288390874 53
1754619512047 0.056857624083338144 54
1754619512146 0.06102236857689738 55
1754619512191 0.08799396947500829 56
1754619512204 0.11833337719362716 57
1754619512239 0.060441395267212275 58
1754619512268 0.06398413495611419 59
1754619512306 0.08318158474439977 60
1754619512475 0.057638261567424666 61
1754619512648 0.048386577113741745 62
1754619512824 0.033841776881479796 63
1754619512893 0.05737990560791699 64
1754619513031 0.05424345306129719 65
1754619513066 0.0741731895190959 66
1754619513165 0.05241771604349828 67
1754619513302 0.04481138857664611 68
1754619513412 0.050239294170664826 69
1754619513453 0.05914822979208286 70
1754619513555 0.05090601048158875 71
1754619513689 0.047879484787462866 72
1754619513834 0.0485376423513138 73
1754619513910 0.05726226351096821 74
1754619514000 0.05241344285378848 75
1754619514015 0.09946542766209462 76
1754619514188 0.05414481107272791 77
1754619514254 0.0831614815611024 78
1754619514407 0.0412945026331346 79
