1754619508111 0.11392703496705306 0
1754619508125 0.1306283565711043 1
1754619508186 0.07765000896938865 2
1754619508205 0.04146702431199678 3
1754619508266 0.0986316160485492 4
1754619508278 0.09082009945327307 5
1754619508318 0.07479844382876308 6
1754619508341 0.08069461070386304 7
1754619508483 0.11713147075728561 8
1754619508501 0.06563764555773215 9
1754619508671 0.16339371043021841 10
1754619508844 0.08562064969177854 11
1754619508921 0.07553398143535386 12
1754619508939 0.15031492342977373 13
1754619508963 0.06794511141343396 14
1754619509052 0.1257622736595918 15
1754619509102 0.07661907839418661 16
1754619509118 0.18041563553079437 17
1754619509210 0.1441249749207456 18
1754619509260 0.0912904802277831 19
1754619509288 0.11163229895868501 20
1754619509479 0.05345857097036166 21
1754619509555 0.07562049357261333 22
1754619509597 0.09210402591641476 23
1754619509625 0.12847903437885363 24
1754619509743 0.10314287987887702 25
1754619509792 0.1164745670304546 26
1754619509816 0.09124758468070944 27
1754619509952 0.19733764770019385 28
1754619509990 0.13782627252332008 29
1754619510017 0.1734840455146518 30
1754619510079 0.11663656099485262 31
1754619510229 0.1184440368549609 32
1754619510267 0.14456857603577794 33
1754619510325 0.16953174566324947 34
1754619510402 0.1278438781903594 35
1754619510552 0.10182887019068651 36
1754619510703 0.0625187184931189 37
1754619510810 0.08153548025603392 38
1754619510971 0.16708127376356643 39
1754619511055 0.08110528831544048 40
1754619511218 0.10518059727823967 41
1754619511238 0.08032690429763178 42
1754619511301 0.06611337316032824 43
1754619511340 0.07563480024339082 44
1754619511487 0.16223700659319212 45
1754619511542 0.11726824030382624 46
1754619511565 0.05763420973179514 47
1754619511579 0.1487043852741982 48
1754619511605 0.07515565782216402 49
1754619511683 0.17867973269092624 50
1754619511747 0.10079467257825599 51
1754619511760 0.0723804873463525 52
1754619511964 0.11193062698696803 53
1754619512047 0.09889840038531209 54
1754619512146 0.11302854430898783 55
1754619512191 0.09731768525971099 56
1754619512204 0.09355355541247742 57
1754619512239 0.127096755164772 58
1754619512268 0.09459778169741764 59
1754619512306 0.2120316880385383 60
1754619512475 0.11520142196861674 61
1754619512648 0.07684762759988199 62
1754619512824 0.0805342010684587 63
1754619512893 0.15718591070138058 64
1754619513031 0.04341266756307558 65
1754619513066 0.11153394308541956 66
1754619513165 0.21037167028381348 67
1754619513302 0.11548081481486978 68
1754619513412 0.16922519415700316 69
1754619513453 0.166352201957209 70
1754619513555 0.09387259665584775 71
1754619513689 0.16047505684271535 72
1754619513834 0.12250518887581804 73
1754619513910 0.07624668595148912 74
1754619514000 0.1352977115802231 75
1754619514015 0.15423043516387408 76
1754619514188 0.09493726039200964 77
1754619514254 0.12008366269638912 78
1754619514407 0.08567552051160181 79
