1754619508111 -1.9321833882566593 0
1754619508125 -0.10611307535368339 1
1754619508186 -0.7683794363510765 2
1754619508205 -0.2106187116467889 3
1754619508266 -0.8731999775255789 4
1754619508278 -0.11947159126319876 5
1754619508318 -0.39185477994427165 6
1754619508341 -0.25046469335171895 7
1754619508483 -1.937028126469468 8
1754619508501 -0.26950024257697275 9
1754619508671 -1.9442618668170584 10
1754619508844 -1.9463312752767694 11
1754619508921 -0.9537392645586213 12
1754619508939 -0.1749917234489731 13
1754619508963 -0.25311477655034936 14
1754619509052 -1.3380353869406498 15
1754619509102 -0.46604514431930594 16
1754619509118 -0.12429167900680753 17
1754619509210 -1.1803149063595206 18
1754619509260 -0.6632357160693912 19
1754619509288 -0.21585836456703936 20
1754619509479 -1.9291317074439274 21
1754619509555 -1.0253828410063681 22
1754619509597 -0.4377863753849788 23
1754619509625 -0.27815583654995035 24
1754619509743 -1.6766314415786823 25
1754619509792 -0.5727196801600627 26
1754619509816 -0.2479881698035695 27
1754619509952 -1.9422563394165027 28
1754619509990 -0.32435480195130467 29
1754619510017 -0.3148874339879389 30
1754619510079 -0.7030972175993514 31
1754619510229 -1.9204275585581714 32
1754619510267 -0.3386490529127868 33
1754619510325 -0.6879796811016872 34
1754619510402 -0.9383741486478692 35
1754619510552 -1.9347041513680394 36
1754619510703 -1.9425489058470666 37
1754619510810 -1.1657770544010488 38
1754619510971 -1.9301927347660897 39
1754619511055 -1.1800239982613048 40
1754619511218 -1.9379637806682375 41
1754619511238 -0.21719699856475902 42
1754619511301 -0.6152757637155767 43
1754619511340 -0.47193122607759286 44
1754619511487 -1.9417998737963404 45
1754619511542 -0.6420463047308509 46
1754619511565 -0.23996287470392694 47
1754619511579 -0.14021890123501604 48
1754619511605 -0.3104320754242927 49
1754619511683 -0.9923073313841377 50
1754619511747 -0.9812201117785899 51
1754619511760 -0.13001493943038864 52
1754619511964 -1.9401138887741842 53
1754619512047 -0.9342448978687143 54
1754619512146 -1.3094228014279254 55
1754619512191 -0.6878611526145844 56
1754619512204 -0.12999999999999998 57
1754619512239 -0.4378670645842891 58
1754619512268 -0.28515261330839514 59
1754619512306 -0.2167024840018321 60
1754619512475 -1.9422088988156483 61
1754619512648 -1.9293949474075738 62
1754619512824 -1.9412566910074547 63
1754619512893 -0.9631828619655417 64
1754619513031 -1.740911670757585 65
1754619513066 -0.5300075780543874 66
1754619513165 -1.292473558320555 67
1754619513302 -1.9403998101914885 68
1754619513412 -1.448330331509387 69
1754619513453 -0.46929950313050717 70
1754619513555 -1.3202410211238356 71
1754619513689 -1.7121537040184815 72
1754619513834 -1.8012307549311084 73
1754619513910 -0.8815174473341876 74
1754619514000 -1.0490150500115971 75
1754619514015 -0.1894091507263154 76
1754619514188 -1.9333560659993432 77
1754619514254 -0.8781524300365231 78
1754619514407 -1.937375507833587 79
