1754619508111 200.0 0
1754619508125 12.0 1
1754619508186 82.0 2
1754619508205 22.0 3
1754619508266 90.0 4
1754619508278 12.0 5
1754619508318 42.0 6
1754619508341 28.0 7
1754619508483 200.0 8
1754619508501 27.0 9
1754619508671 200.0 10
1754619508844 200.0 11
1754619508921 101.0 12
1754619508939 19.0 13
1754619508963 29.0 14
1754619509052 139.0 15
1754619509102 51.0 16
1754619509118 14.0 17
1754619509210 124.0 18
1754619509260 71.0 19
1754619509288 26.0 20
1754619509479 200.0 21
1754619509555 108.0 22
1754619509597 48.0 23
1754619509625 32.0 24
1754619509743 172.0 25
1754619509792 62.0 26
1754619509816 28.0 27
1754619509952 200.0 28
1754619509990 37.0 29
1754619510017 34.0 30
1754619510079 75.0 31
1754619510229 200.0 32
1754619510267 38.0 33
1754619510325 73.0 34
1754619510402 100.0 35
1754619510552 200.0 36
1754619510703 200.0 37
1754619510810 123.0 38
1754619510971 200.0 39
1754619511055 123.0 40
1754619511218 200.0 41
1754619511238 23.0 42
1754619511301 65.0 43
1754619511340 50.0 44
1754619511487 200.0 45
1754619511542 69.0 46
1754619511565 27.0 47
1754619511579 14.0 48
1754619511605 34.0 49
1754619511683 104.0 50
1754619511747 102.0 51
1754619511760 13.0 52
1754619511964 200.0 53
1754619512047 98.0 54
1754619512146 136.0 55
1754619512191 70.0 56
1754619512204 13.0 57
1754619512239 48.0 58
1754619512268 32.0 59
1754619512306 25.0 60
1754619512475 200.0 61
1754619512648 200.0 62
1754619512824 200.0 63
1754619512893 101.0 64
1754619513031 180.0 65
1754619513066 56.0 66
1754619513165 134.0 67
1754619513302 200.0 68
1754619513412 150.0 69
1754619513453 51.0 70
1754619513555 137.0 71
1754619513689 177.0 72
1754619513834 185.0 73
1754619513910 93.0 74
1754619514000 110.0 75
1754619514015 19.0 76
1754619514188 200.0 77
1754619514254 90.0 78
1754619514407 200.0 79
