1754619508111 0.7689947791962128 0
1754619508125 0.7107324564069935 1
1754619508186 0.6291537032392747 2
1754619508205 0.6690350278459357 3
1754619508266 0.7004072966390327 4
1754619508278 0.7082986863720049 5
1754619508318 0.6778780700552558 6
1754619508341 0.6894438245564404 7
1754619508483 0.6426396345870288 8
1754619508501 0.7546805968498453 9
1754619508671 0.6997733296070777 10
1754619508844 0.653343240619064 11
1754619508921 0.6681453523620153 12
1754619508939 0.7132278042239306 13
1754619508963 0.7028194041167628 14
1754619509052 0.7277443413101526 15
1754619509102 0.6639804606041123 16
1754619509118 0.8046613644747703 17
1754619509210 0.779713779319074 18
1754619509260 0.6815314259590733 19
1754619509288 0.6813797223249095 20
1754619509479 0.7120547020873642 21
1754619509555 0.7180796352452784 22
1754619509597 0.6480311694139009 23
1754619509625 0.732962083662683 24
1754619509743 0.7488490485974103 25
1754619509792 0.675913855046599 26
1754619509816 0.6962403533322225 27
1754619509952 0.72337257347229 28
1754619509990 0.6682015573675095 29
1754619510017 0.7230622100328536 30
1754619510079 0.7695042382595279 31
1754619510229 0.796953107838937 32
1754619510267 0.6429763631408387 33
1754619510325 0.7059786699939705 34
1754619510402 0.6726763292968189 35
1754619510552 0.695965276101735 36
1754619510703 0.6594202018776516 37
1754619510810 0.6941177217118493 38
1754619510971 0.6764874060128815 39
1754619511055 0.7305374187761233 40
1754619511218 0.6784821992337315 41
1754619511238 0.7124447538131184 42
1754619511301 0.7111148400695679 43
1754619511340 0.6795878898152835 44
1754619511487 0.7137245229329864 45
1754619511542 0.7128476525116186 46
1754619511565 0.7134585647614212 47
1754619511579 0.6643947107928889 48
1754619511605 0.7087658135809306 49
1754619511683 0.7261785153120608 50
1754619511747 0.6897780095053878 51
1754619511760 0.6713498772750651 52
1754619511964 0.69579260765643 53
1754619512047 0.7373697009690647 54
1754619512146 0.7198194117170533 55
1754619512191 0.6635703146296915 56
1754619512204 0.7388699200213494 57
1754619512239 0.697613832662133 58
1754619512268 0.6558105252578177 59
1754619512306 0.7102778291787363 60
1754619512475 0.6903988715887115 61
1754619512648 0.6292316208800919 62
1754619512824 0.7034463286294064 63
1754619512893 0.6944208018172848 64
1754619513031 0.6880325948246775 65
1754619513066 0.6869810604799229 66
1754619513165 0.7143405453007049 67
1754619513302 0.6923716395989024 68
1754619513412 0.6928063912105813 69
1754619513453 0.699633516672953 70
1754619513555 0.7143465183074353 71
1754619513689 0.7736511626116607 72
1754619513834 0.6520553090570581 73
1754619513910 0.6907027174724153 74
1754619514000 0.6800679996722111 75
1754619514015 0.7498974129239573 76
1754619514188 0.6211265776514583 77
1754619514254 0.6245922748452324 78
1754619514407 0.7031672345262036 79
