1754619516176 0.10041885929820533 0
1754619516254 0.1248773649048435 1
1754619516288 0.11186089377640487 2
1754619516342 0.1164171600281397 3
1754619516477 0.10186752468757647 4
1754619516513 0.10979475412768032 5
1754619516613 0.1113347236721856 6
1754619516760 0.09067439049393104 7
1754619516937 0.10764996126676163 8
1754619517069 0.10611118784554989 9
1754619517153 0.10506202800342254 10
1754619517187 0.12382042590604155 11
1754619517283 0.09914258482460489 12
1754619517311 0.12354823902603133 13
1754619517452 0.10705276256806215 14
1754619517493 0.10660919705118069 15
1754619517618 0.11751703744249423 16
1754619517657 0.11265712899586025 17
1754619517798 0.11083877506529638 18
1754619517814 0.11120554188477272 19
1754619518008 0.07601808210620725 20
1754619518066 0.10444745562290239 21
1754619518210 0.09340663257107854 22
1754619518228 0.1221069006976793 23
1754619518272 0.10857320008101774 24
1754619518325 0.11627412652642075 25
1754619518344 0.11133306139783894 26
1754619518489 0.09456857336259021 27
1754619518637 0.1140287311822151 28
1754619518661 0.11095830197856076 29
1754619518776 0.12109465932990104 30
1754619518930 0.08854747287078621 31
1754619518955 0.12503779718181163 32
1754619519112 0.09539326959655736 33
1754619519124 0.10442411278068317 34
1754619519285 0.08722157796501614 35
1754619519435 0.10270068662747386 36
1754619519599 0.08979580937854884 37
1754619519739 0.09116855941634838 38
1754619519900 0.09751951020858703 39
1754619520042 0.09692978527378211 40
1754619520082 0.12077995892511584 41
1754619520117 0.10282732712543514 42
1754619520190 0.11402700259013994 43
1754619520356 0.09596640592326391 44
1754619520542 0.09012345628384388 45
1754619520593 0.10381864224912725 46
1754619520626 0.10744688108465181 47
1754619520765 0.10269819679325307 48
1754619520779 0.13250353901069414 49
1754619520843 0.09911262999703101 50
1754619520864 0.10879181355413356 51
1754619520914 0.12949470567748916 52
1754619520929 0.1304811038971893 53
1754619520946 0.09491769874254088 54
1754619521086 0.0894802634985328 55
1754619521101 0.10665847289479591 56
1754619521189 0.10116873184672262 57
1754619521211 0.11925578837091395 58
1754619521252 0.11359221466726428 59
1754619521421 0.09287597451554247 60
1754619521578 0.088728339738765 61
1754619521757 0.08140359077928969 62
1754619521790 0.12202496258811535 63
1754619521824 0.11505599970690314 64
1754619521865 0.1061161463549027 65
1754619521891 0.12032208808918168 66
1754619522029 0.09850816608866776 67
1754619522122 0.09646286233296206 68
1754619522163 0.11192384532582314 69
1754619522225 0.1029809320965535 70
1754619522397 0.0860973478029469 71
1754619522555 0.09205592560047411 72
1754619522586 0.1270813331105912 73
1754619522702 0.10311215512287245 74
1754619522738 0.10467952230827442 75
1754619522894 0.10010871712849104 76
1754619522953 0.10336397692205768 77
1754619523187 0.0973050942679248 78
1754619523271 0.09844172235644946 79
