1754619516176 0.06177968194789627 0
1754619516254 0.05791879429193445 1
1754619516288 0.0698278240154371 2
1754619516342 0.09653147814360066 3
1754619516477 0.04828565176969685 4
1754619516513 0.07147070808438656 5
1754619516613 0.05195798266448002 6
1754619516760 0.05768844229321416 7
1754619516937 0.0521127717827885 8
1754619517069 0.06909810730360015 9
1754619517153 0.05460965460718057 10
1754619517187 0.07701105562193246 11
1754619517283 0.052356999995205614 12
1754619517311 0.06927802980896554 13
1754619517452 0.05959141133308758 14
1754619517493 0.06687748535003137 15
1754619517618 0.051544897287359004 16
1754619517657 0.08268693313339417 17
1754619517798 0.05323578821525817 18
1754619517814 0.08527177067018021 19
1754619518008 0.045359317439303 20
1754619518066 0.06141630167618326 21
1754619518210 0.047895304562120225 22
1754619518228 0.09267003187544573 23
1754619518272 0.06671993532674789 24
1754619518325 0.07371855786440534 25
1754619518344 0.09906568902709338 26
1754619518489 0.04695524817823936 27
1754619518637 0.05581723275788836 28
1754619518661 0.08566137384114875 29
1754619518776 0.04918161219346834 30
1754619518930 0.04521059129381555 31
1754619518955 0.06334692914060513 32
1754619519112 0.047168245787152306 33
1754619519124 0.11641496603615342 34
1754619519285 0.04812103542958871 35
1754619519435 0.05517386973160897 36
1754619519599 0.05259174695816703 37
1754619519739 0.05318049961718574 38
1754619519900 0.05301338100629375 39
1754619520042 0.048116732552181976 40
1754619520082 0.07092031843216529 41
1754619520117 0.0527241902906316 42
1754619520190 0.06905146646481172 43
1754619520356 0.04373768400558213 44
1754619520542 0.05361515216057211 45
1754619520593 0.05003291685638348 46
1754619520626 0.09015834071739581 47
1754619520765 0.04986190840971389 48
1754619520779 0.0901366132003701 49
1754619520843 0.05774304611792573 50
1754619520864 0.08639440517531846 51
1754619520914 0.08148972004358386 52
1754619520929 0.08949897824125141 53
1754619520946 0.09585114501999914 54
1754619521086 0.05053538838038589 55
1754619521101 0.11833337719362716 56
1754619521189 0.053850149445799335 57
1754619521211 0.07853771755610703 58
1754619521252 0.06555023256368106 59
1754619521421 0.05771787525032314 60
1754619521578 0.050083606518640876 61
1754619521757 0.034021709946734716 62
1754619521790 0.08721695357115641 63
1754619521824 0.08086023749828604 64
1754619521865 0.08786967958562629 65
1754619521891 0.07367826403098632 66
1754619522029 0.04462247328344093 67
1754619522122 0.05547392175471767 68
1754619522163 0.07038379535800358 69
1754619522225 0.05444052005901071 70
1754619522397 0.04552431747200406 71
1754619522555 0.04493411161009103 72
1754619522586 0.07744041113118975 73
1754619522702 0.04770206768428094 74
1754619522738 0.06863193494499478 75
1754619522894 0.05631322218141812 76
1754619522953 0.08437435163698324 77
1754619523187 0.041942438983910264 78
1754619523271 0.059374355436299465 79
