1754619516176 0.13117547180408967 0
1754619516254 0.0783483927606543 1
1754619516288 0.038797252694716275 2
1754619516342 0.09574256798743655 3
1754619516477 0.08853070175015088 4
1754619516513 0.07533864174859435 5
1754619516613 0.08171793837169475 6
1754619516760 0.11593135602025964 7
1754619516937 0.0704070565788383 8
1754619517069 0.15996452877466077 9
1754619517153 0.0838910811361215 10
1754619517187 0.07464978546022323 11
1754619517283 0.14818024701147792 12
1754619517311 0.06778808386512906 13
1754619517452 0.12495715331740857 14
1754619517493 0.07686219149991746 15
1754619517618 0.18211546981363522 16
1754619517657 0.1476245898837755 17
1754619517798 0.09384243849833798 18
1754619517814 0.11163229895868501 19
1754619518008 0.0513823158475228 20
1754619518066 0.07633461798119826 21
1754619518210 0.08927463541357224 22
1754619518228 0.1280399944653153 23
1754619518272 0.09901648878514883 24
1754619518325 0.11778761261659287 25
1754619518344 0.09149967591374537 26
1754619518489 0.19608756093414179 27
1754619518637 0.13105593899684748 28
1754619518661 0.1747712473593685 29
1754619518776 0.11941776342300248 30
1754619518930 0.1214342070226957 31
1754619518955 0.1446604850482931 32
1754619519112 0.1650440680558992 33
1754619519124 0.13010181015610128 34
1754619519285 0.11017343503926895 35
1754619519435 0.06519123096555272 36
1754619519599 0.08295313940189146 37
1754619519739 0.17165903549170825 38
1754619519900 0.09011979271021175 39
1754619520042 0.10739713817421795 40
1754619520082 0.07989685460690765 41
1754619520117 0.06785397160683644 42
1754619520190 0.07166987210874183 43
1754619520356 0.17123747822858953 44
1754619520542 0.12165093859384815 45
1754619520593 0.05734132886728336 46
1754619520626 0.14925588819490693 47
1754619520765 0.07751134606848194 48
1754619520779 0.1779367102776927 49
1754619520843 0.10244842136974804 50
1754619520864 0.0706701466892337 51
1754619520914 0.10401615218773604 52
1754619520929 0.10109609688150237 53
1754619520946 0.10855313921185523 54
1754619521086 0.0988330384275546 55
1754619521101 0.09355355541247742 56
1754619521189 0.12744779278262347 57
1754619521211 0.09269901016829216 58
1754619521252 0.2133128448658855 59
1754619521421 0.11075272357596173 60
1754619521578 0.07677332906297263 61
1754619521757 0.08155308635200438 62
1754619521790 0.15336694698060266 63
1754619521824 0.04506731249129512 64
1754619521865 0.11291017448290042 65
1754619521891 0.2057034643299204 66
1754619522029 0.10965768246332849 67
1754619522122 0.16991339834995625 68
1754619522163 0.1666238565477121 69
1754619522225 0.09628210078765864 70
1754619522397 0.15819966076116607 71
1754619522555 0.12355937317890361 72
1754619522586 0.07425777403851405 73
1754619522702 0.1388033528568565 74
1754619522738 0.15424655447370217 75
1754619522894 0.09424577548385127 76
1754619522953 0.12120797991989392 77
1754619523187 0.08625452885377918 78
1754619523271 0.08438152807841526 79
