1754619516176 -0.2870585284166451 0
1754619516254 -0.8596778395333778 1
1754619516288 -0.4091985203636159 2
1754619516342 -0.18215208971597419 3
1754619516477 -1.32861259450535 4
1754619516513 -0.32067500913426283 5
1754619516613 -1.3982712632142429 6
1754619516760 -1.9376275539454668 7
1754619516937 -1.9300504659850417 8
1754619517069 -0.6388971940093597 9
1754619517153 -0.9910312563146315 10
1754619517187 -0.4246579536986395 11
1754619517283 -1.1910499671726182 12
1754619517311 -0.25133887225058427 13
1754619517452 -1.9457115154659712 14
1754619517493 -0.5209978302164342 15
1754619517618 -1.3605695985213309 16
1754619517657 -0.40163274076988437 17
1754619517798 -1.939987423321027 18
1754619517814 -0.11560381331095479 19
1754619518008 -1.928096314564659 20
1754619518066 -0.7285997839025838 21
1754619518210 -1.9410501310393062 22
1754619518228 -0.1986151835166935 23
1754619518272 -0.5429847070533089 24
1754619518325 -0.6957473662298481 25
1754619518344 -0.21123629175329348 26
1754619518489 -1.933444673929319 27
1754619518637 -1.9331015043018749 28
1754619518661 -0.2669768624706479 29
1754619518776 -1.6090029349294002 30
1754619518930 -1.9256496893450445 31
1754619518955 -0.18369321050394385 32
1754619519112 -1.9367888782553186 33
1754619519124 -0.12999999999999998 34
1754619519285 -1.9293832732105831 35
1754619519435 -1.9430047587214838 36
1754619519599 -1.9317186984495884 37
1754619519739 -1.9340459112502928 38
1754619519900 -1.9418308695902151 39
1754619520042 -1.8813854450585308 40
1754619520082 -0.590692674304711 41
1754619520117 -0.37507827816813355 42
1754619520190 -0.7197441734776818 43
1754619520356 -1.949511325777509 44
1754619520542 -1.942142911694134 45
1754619520593 -0.568677407255983 46
1754619520626 -0.502597548968481 47
1754619520765 -1.941789113529073 48
1754619520779 -0.169898364357138 49
1754619520843 -0.9485673839625864 50
1754619520864 -0.25494194476168347 51
1754619520914 -0.7410176015924977 52
1754619520929 -0.09884014610374067 53
1754619520946 -0.15228618350286066 54
1754619521086 -1.8782238556239956 55
1754619521101 -0.19002196643579758 56
1754619521189 -1.3902977709564635 57
1754619521211 -0.19963072727200248 58
1754619521252 -0.41874418810003766 59
1754619521421 -1.943302113492598 60
1754619521578 -1.9313006111792492 61
1754619521757 -1.9414420906400698 62
1754619521790 -0.3828540641248673 63
1754619521824 -0.3093683663867209 64
1754619521865 -0.5338195207898047 65
1754619521891 -0.2251578964645563 66
1754619522029 -1.9390613210549756 67
1754619522122 -1.284353175300289 68
1754619522163 -0.4711824060620315 69
1754619522225 -0.8342645187495249 70
1754619522397 -1.940759496606601 71
1754619522555 -1.947135817366748 72
1754619522586 -0.340928515507849 73
1754619522702 -1.4176522022319897 74
1754619522738 -0.4077856762167935 75
1754619522894 -1.9337159628712828 76
1754619522953 -0.5990721443711353 77
1754619523187 -1.7993166186314196 78
1754619523271 -1.1125530863543134 79
