1754619516176 33.0 0
1754619516254 91.0 1
1754619516288 44.0 2
1754619516342 18.0 3
1754619516477 139.0 4
1754619516513 35.0 5
1754619516613 145.0 6
1754619516760 200.0 7
1754619516937 200.0 8
1754619517069 67.0 9
1754619517153 104.0 10
1754619517187 46.0 11
1754619517283 125.0 12
1754619517311 30.0 13
1754619517452 200.0 14
1754619517493 55.0 15
1754619517618 142.0 16
1754619517657 44.0 17
1754619517798 200.0 18
1754619517814 13.0 19
1754619518008 200.0 20
1754619518066 78.0 21
1754619518210 200.0 22
1754619518228 21.0 23
1754619518272 58.0 24
1754619518325 73.0 25
1754619518344 23.0 26
1754619518489 200.0 27
1754619518637 200.0 28
1754619518661 29.0 29
1754619518776 166.0 30
1754619518930 200.0 31
1754619518955 21.0 32
1754619519112 200.0 33
1754619519124 13.0 34
1754619519285 200.0 35
1754619519435 200.0 36
1754619519599 200.0 37
1754619519739 200.0 38
1754619519900 200.0 39
1754619520042 194.0 40
1754619520082 62.0 41
1754619520117 42.0 42
1754619520190 78.0 43
1754619520356 200.0 44
1754619520542 200.0 45
1754619520593 62.0 46
1754619520626 53.0 47
1754619520765 200.0 48
1754619520779 17.0 49
1754619520843 100.0 50
1754619520864 27.0 51
1754619520914 77.0 52
1754619520929 11.0 53
1754619520946 17.0 54
1754619521086 193.0 55
1754619521101 19.0 56
1754619521189 144.0 57
1754619521211 22.0 58
1754619521252 47.0 59
1754619521421 200.0 60
1754619521578 200.0 61
1754619521757 200.0 62
1754619521790 40.0 63
1754619521824 34.0 64
1754619521865 55.0 65
1754619521891 25.0 66
1754619522029 200.0 67
1754619522122 133.0 68
1754619522163 50.0 69
1754619522225 88.0 70
1754619522397 200.0 71
1754619522555 200.0 72
1754619522586 37.0 73
1754619522702 147.0 74
1754619522738 44.0 75
1754619522894 200.0 76
1754619522953 62.0 77
1754619523187 186.0 78
1754619523271 116.0 79
