1754619516176 0.7100020651097866 0
1754619516254 0.6280143652058046 1
1754619516288 0.6707746560203918 2
1754619516342 0.7009035638317801 3
1754619516477 0.7104442584555221 4
1754619516513 0.6785138033387061 5
1754619516613 0.6905029386640134 6
1754619516760 0.641248348077724 7
1754619516937 0.7581446356150943 8
1754619517069 0.6960385814245933 9
1754619517153 0.6532532799661601 10
1754619517187 0.6675276336748526 11
1754619517283 0.7182394074142114 12
1754619517311 0.7030989479557146 13
1754619517452 0.7266447033237764 14
1754619517493 0.6640701780976495 15
1754619517618 0.8054735755203722 16
1754619517657 0.7820130874880594 17
1754619517798 0.6836698503433054 18
1754619517814 0.6813797223249095 19
1754619518008 0.7120189183395315 20
1754619518066 0.7171749888892446 21
1754619518210 0.6499485856238012 22
1754619518228 0.7321733456157922 23
1754619518272 0.748872290723013 24
1754619518325 0.6758532211618344 25
1754619518344 0.6961074582880901 26
1754619518489 0.7299322986612109 27
1754619518637 0.6731394398135929 28
1754619518661 0.7216163824725029 29
1754619518776 0.7690156215456166 30
1754619518930 0.7924503640966934 31
1754619518955 0.6427887433305155 32
1754619519112 0.7138048000271351 33
1754619519124 0.6707607613850881 34
1754619519285 0.7023621282645983 35
1754619519435 0.6621467805851833 36
1754619519599 0.6968383226179071 37
1754619519739 0.6784316811941606 38
1754619519900 0.7364327585299406 39
1754619520042 0.6782841690866444 40
1754619520082 0.7120926873498886 41
1754619520117 0.7118354308613328 42
1754619520190 0.6790549598232327 43
1754619520356 0.7088542672734548 44
1754619520542 0.715809160407838 45
1754619520593 0.7142747861083775 46
1754619520626 0.6648066906908262 47
1754619520765 0.709395250180618 48
1754619520779 0.7239646987897904 49
1754619520843 0.689066114538786 50
1754619520864 0.6723652335601178 51
1754619520914 0.6902910171936926 52
1754619520929 0.7365146551400464 53
1754619520946 0.7195471035366532 54
1754619521086 0.6665067071095799 55
1754619521101 0.7388479535855519 56
1754619521189 0.6987673992774717 57
1754619521211 0.6549366081296404 58
1754619521252 0.7112453513134858 59
1754619521421 0.687160921398332 60
1754619521578 0.6289858372448615 61
1754619521757 0.703950304703819 62
1754619521790 0.6926771657608094 63
1754619521824 0.6870200060966388 64
1754619521865 0.6875537235097766 65
1754619521891 0.7105826521672446 66
1754619522029 0.6906096472664398 67
1754619522122 0.692362277100209 68
1754619522163 0.6991220066026009 69
1754619522225 0.7150622823250735 70
1754619522397 0.7715525046673081 71
1754619522555 0.6530738080317395 72
1754619522586 0.6904753409624877 73
1754619522702 0.6784722929206282 74
1754619522738 0.7506954543712935 75
1754619522894 0.6225893494341297 76
1754619522953 0.6254475891982533 77
1754619523187 0.7021635642502352 78
1754619523271 0.7333690198528873 79
