1754624012246 0.09980486846579817 0
1754624012378 0.12498493763363497 1
1754624012466 0.111362980688991 2
1754624012538 0.1145743873980761 3
1754624012573 0.10452410226553552 4
1754624012600 0.11182419433878694 5
1754624012639 0.11922395841599327 6
1754624012767 0.10482718392236375 7
1754624012821 0.12408457274860887 8
1754624012872 0.11112442084646727 9
1754624012894 0.11038993440590197 10
1754624012980 0.12379102384522331 11
1754624013004 0.11040938513926384 12
1754624013031 0.12501190316260816 13
1754624013080 0.12009884850188284 14
1754624013165 0.10556187928350949 15
1754624013200 0.1352326335747988 16
1754624013285 0.11143878901025381 17
1754624013323 0.11988823223170637 18
1754624013355 0.11122383401553111 19
1754624013434 0.09919726791495262 20
1754624013496 0.10712097195069517 21
1754624013610 0.10442013564398758 22
1754624013712 0.1155344692423979 23
1754624014069 0.09650286863381372 24
1754624014093 0.12325865038007251 25
1754624014124 0.11107518503480092 26
1754624014151 0.10751781224024508 27
1754624014178 0.13123410333869084 28
1754624014264 0.11002140350226039 29
1754624014311 0.12969316618726617 30
1754624014335 0.09780989522934869 31
1754624014456 0.12019248769213546 32
1754624014478 0.1096558941632095 33
1754624014490 0.10442411278068317 34
1754624014512 0.10547274417031918 35
1754624014543 0.1147824223997845 36
1754624014591 0.10339597177759696 37
1754624014607 0.1083875300589999 38
1754624014669 0.1101319194211506 39
1754624014736 0.10626165318713074 40
1754624014825 0.11928357938823901 41
1754624015013 0.10081497088013688 42
1754624015074 0.11929020427916422 43
1754624015134 0.1147686955530712 44
1754624015181 0.10618819746955666 45
1754624015207 0.105624362795222 46
1754624015250 0.10902705810785304 47
1754624015365 0.1088984437718706 48
1754624015465 0.12608524123304984 49
1754624015482 0.10235969078579961 50
1754624015828 0.0982152859324648 51
1754624015854 0.1338738837541543 52
1754624015882 0.13025549037324657 53
1754624015963 0.0929663803914022 54
1754624016133 0.09762244991208933 55
1754624016157 0.10353996021702694 56
1754624016197 0.10679018621115348 57
1754624016273 0.1196541189975436 58
1754624016371 0.11394481762327018 59
1754624016423 0.11771455375652215 60
1754624016454 0.1074810822150414 61
1754624016534 0.10230674800292554 62
1754624016557 0.12462532427260667 63
1754624016613 0.11462990384134333 64
1754624016648 0.10711394882460128 65
1754624016710 0.12032981608196676 66
1754624016748 0.10708527124974135 67
1754624016888 0.09578727902909914 68
1754624016933 0.11248192196023268 69
1754624017223 0.09801483418043463 70
1754624017348 0.10772443277320849 71
1754624017422 0.10786984521270404 72
1754624017533 0.12312635336405249 73
1754624017698 0.11035162486973207 74
1754624017784 0.10403602995261071 75
1754624017906 0.11114784797392743 76
1754624018079 0.09951625042549059 77
1754624018110 0.11238536265094039 78
1754624018207 0.10002502775665537 79
1754624018239 0.12040523532362783 80
1754624018379 0.11168550669196778 81
1754624018405 0.11673252048306375 82
1754624018552 0.11148213151090544 83
1754624018616 0.12504433108718077 84
1754624018664 0.11940890028434607 85
1754624018930 0.10705227705312395 86
1754624018960 0.12088241912465376 87
1754624019159 0.09120109516545297 88
1754624019172 0.10618855951281021 89
1754624019315 0.10825468127526375 90
1754624019373 0.1075307934364537 91
1754624019397 0.10935727736657137 92
1754624019479 0.12627828000007243 93
1754624019513 0.11344049603951153 94
1754624019647 0.11200298575626529 95
1754624019659 0.12404639468183813 96
1754624019756 0.11551026339307405 97
1754624019853 0.11331406359981804 98
1754624019869 0.10619875095407208 99
