1754624012246 0.06102255573597308 0
1754624012378 0.0682652338431135 1
1754624012466 0.05930108622863315 2
1754624012538 0.062366395906375695 3
1754624012573 0.07538437490408535 4
1754624012600 0.08200814210292326 5
1754624012639 0.08151737926663631 6
1754624012767 0.0905690300551176 7
1754624012821 0.09720558499151913 8
1754624012872 0.06328783724529777 9
1754624012894 0.09277828564781751 10
1754624012980 0.07893058622225904 11
1754624013004 0.08832440515593516 12
1754624013031 0.10594659765739275 13
1754624013080 0.08410624840885783 14
1754624013165 0.06931528445791592 15
1754624013200 0.08388675289571997 16
1754624013285 0.06610634496570125 17
1754624013323 0.09988547172245553 18
1754624013355 0.08527383218863896 19
1754624013434 0.062350789511937246 20
1754624013496 0.07157666408494556 21
1754624013610 0.0596320941014037 22
1754624013712 0.06071788608621699 23
1754624014069 0.05635546404577676 24
1754624014093 0.09815728432481625 25
1754624014124 0.09664300572221236 26
1754624014151 0.09345396088510796 27
1754624014178 0.10390341088701167 28
1754624014264 0.06911226348474922 29
1754624014311 0.08448910562102754 30
1754624014335 0.085054775051116 31
1754624014456 0.04706155754206048 32
1754624014478 0.08923275797541336 33
1754624014490 0.11641496603615342 34
1754624014512 0.11798126365642866 35
1754624014543 0.10218542735800085 36
1754624014591 0.07509906747855598 37
1754624014607 0.11275990685151546 38
1754624014669 0.07122014662781388 39
1754624014736 0.06800433519772293 40
1754624014825 0.06329813825889087 41
1754624015013 0.045810958094151706 42
1754624015074 0.09411736732827222 43
1754624015134 0.07985822267836762 44
1754624015181 0.08947055319388368 45
1754624015207 0.08377279377345462 46
1754624015250 0.10768359770198474 47
1754624015365 0.05716209513480743 48
1754624015465 0.04717520031481075 49
1754624015482 0.10822233114222497 50
1754624015828 0.05051543262302869 51
1754624015854 0.09587739581592954 52
1754624015882 0.08656405676330534 53
1754624015963 0.07854612930175504 54
1754624016133 0.053618951303570604 55
1754624016157 0.10019937800717868 56
1754624016197 0.0780570530439644 57
1754624016273 0.06827731973310977 58
1754624016371 0.07161117485859922 59
1754624016423 0.09187443687122099 60
1754624016454 0.09943767820505511 61
1754624016534 0.05293911564834959 62
1754624016557 0.10432177927577979 63
1754624016613 0.08115302737252028 64
1754624016648 0.0836773573712296 65
1754624016710 0.06705092053523305 66
1754624016748 0.0780664457162406 67
1754624016888 0.05577560334820526 68
1754624016933 0.06835613554612148 69
1754624017223 0.04452919756451881 70
1754624017348 0.06057365410092016 71
1754624017422 0.06965460154537792 72
1754624017533 0.058710944951880464 73
1754624017698 0.051720683367823386 74
1754624017784 0.06948787841133827 75
1754624017906 0.07106890549228653 76
1754624018079 0.06607438162729967 77
1754624018110 0.08178929510024757 78
1754624018207 0.062228105201761905 79
1754624018239 0.09187804681742899 80
1754624018379 0.05430582080484251 81
1754624018405 0.0984791423185086 82
1754624018552 0.06732658916374742 83
1754624018616 0.0707924991347557 84
1754624018664 0.08169750913184397 85
1754624018930 0.054665813214034534 86
1754624018960 0.08443789887601712 87
1754624019159 0.04708684713012651 88
1754624019172 0.10373047688744741 89
1754624019315 0.049596629933136856 90
1754624019373 0.06228867876395228 91
1754624019397 0.08193526995162906 92
1754624019479 0.0744802761014091 93
1754624019513 0.09331494589007829 94
1754624019647 0.05195447065550831 95
1754624019659 0.10630653066533602 96
1754624019756 0.07343164290023393 97
1754624019853 0.06685207466905554 98
1754624019869 0.12133680902712807 99
