1754624012246 0.1327819024599922 0
1754624012378 0.07993866594009909 1
1754624012466 0.04169831161486233 2
1754624012538 0.10531282295751083 3
1754624012573 0.09188750829494978 4
1754624012600 0.07768203721608273 5
1754624012639 0.08548716042154983 6
1754624012767 0.11539880921098203 7
1754624012821 0.06352199337250486 8
1754624012872 0.15005446371678682 9
1754624012894 0.08335187437164873 10
1754624012980 0.07942281936569859 11
1754624013004 0.1503436603361461 12
1754624013031 0.06694939983889725 13
1754624013080 0.12392529565978502 14
1754624013165 0.07495468191180929 15
1754624013200 0.1837284043469422 16
1754624013285 0.14276196517632264 17
1754624013323 0.09499924311246204 18
1754624013355 0.10987058844724018 19
1754624013434 0.05949047026567485 20
1754624013496 0.07703848437476726 21
1754624013610 0.094448001738294 22
1754624013712 0.12899864255513177 23
1754624014069 0.1105517110753425 24
1754624014093 0.12070319226489801 25
1754624014124 0.09312830184014835 26
1754624014151 0.2001879823890201 27
1754624014178 0.13853902062711718 28
1754624014264 0.17460107885849893 29
1754624014311 0.12169139190347363 30
1754624014335 0.12472120168214448 31
1754624014456 0.14404352192646871 32
1754624014478 0.17115432056369356 33
1754624014490 0.1296767995841556 34
1754624014512 0.08803864633340179 35
1754624014543 0.05932183633260131 36
1754624014591 0.07960967264463044 37
1754624014607 0.16349939540490155 38
1754624014669 0.07764084796351031 39
1754624014736 0.10080712846799997 40
1754624014825 0.08240737741780517 41
1754624015013 0.07124743075100479 42
1754624015074 0.07206666755083316 43
1754624015134 0.1747264428477875 44
1754624015181 0.11512159918189457 45
1754624015207 0.05780165959482719 46
1754624015250 0.14927506551636985 47
1754624015365 0.08623330676878567 48
1754624015465 0.17695454785573136 49
1754624015482 0.10221083011355798 50
1754624015828 0.06883405010637667 51
1754624015854 0.10318766734499345 52
1754624015882 0.10075395268777357 53
1754624015963 0.12056703465689686 54
1754624016133 0.10147283323380467 55
1754624016157 0.09355355541247742 56
1754624016197 0.129433643653231 57
1754624016273 0.08582654508065986 58
1754624016371 0.21442393603684576 59
1754624016423 0.09764618476748374 60
1754624016454 0.07448546887487044 61
1754624016534 0.07785666166393668 62
1754624016557 0.1562964285960769 63
1754624016613 0.04773241837509001 64
1754624016648 0.1115454633788346 65
1754624016710 0.20787691879423242 66
1754624016748 0.11618688692811663 67
1754624016888 0.16752904533646173 68
1754624016933 0.16551366566813996 69
1754624017223 0.13689854766863513 70
1754624017348 0.15391612608997834 71
1754624017422 0.12053752539138696 72
1754624017533 0.069072510001571 73
1754624017698 0.13683748092597856 74
1754624017784 0.15450579025931788 75
1754624017906 0.10297816529495893 76
1754624018079 0.130581372773959 77
1754624018110 0.0879967647701518 78
1754624018207 0.08386358072524924 79
1754624018239 0.1627220569788129 80
1754624018379 0.0967276733296261 81
1754624018405 0.1430739482236632 82
1754624018552 0.06496701648158361 83
1754624018616 0.10600471061808517 84
1754624018664 0.16528916540156188 85
1754624018930 0.1346912277178694 86
1754624018960 0.11862205936684304 87
1754624019159 0.08252258558036515 88
1754624019172 0.1511424001562302 89
1754624019315 0.11259388299809067 90
1754624019373 0.1274537917657687 91
1754624019397 0.1613769015280667 92
1754624019479 0.09552395381032888 93
1754624019513 0.02296338851932802 94
1754624019647 0.08954213139168435 95
1754624019659 0.11765493862068369 96
1754624019756 0.10335054812035782 97
1754624019853 0.13384584289086962 98
1754624019869 0.1806959158464382 99
