1754624012246 -0.3054442828662289 0
1754624012378 -0.693560986043407 1
1754624012466 -0.512186636635894 2
1754624012538 -0.4685290893675381 3
1754624012573 -0.1782336963064846 4
1754624012600 -0.11180812700897534 5
1754624012639 -0.1806916859083276 6
1754624012767 -0.20883173437222996 7
1754624012821 -0.1419967325136162 8
1754624012872 -0.19303980418511216 9
1754624012894 -0.11802806506921223 10
1754624012980 -0.4570028283075717 11
1754624013004 -0.09301783059098397 12
1754624013031 -0.16729832288762533 13
1754624013080 -0.18898253200243778 14
1754624013165 -0.27103618438679544 15
1754624013200 -0.18390305822792993 16
1754624013285 -0.4335040008991782 17
1754624013323 -0.20364884651842388 18
1754624013355 -0.12429695526787524 19
1754624013434 -0.37772517551010787 20
1754624013496 -0.3785180264776682 21
1754624013610 -0.5132933360682235 22
1754624013712 -0.49657268172123903 23
1754624014069 -1.9385936116376046 24
1754624014093 -0.1498729840189976 25
1754624014124 -0.1488800452673547 26
1754624014151 -0.19174087278486754 27
1754624014178 -0.1507096172028954 28
1754624014264 -0.5196682549815191 29
1754624014311 -0.2700266970067636 30
1754624014335 -0.10584904984871583 31
1754624014456 -0.6167332661875149 32
1754624014478 -0.12977796315729764 33
1754624014490 -0.06808605207582068 34
1754624014512 -0.13039062881913172 35
1754624014543 -0.1591603227592992 36
1754624014591 -0.2438229382701329 37
1754624014607 -0.08307807429681094 38
1754624014669 -0.2857742102634592 39
1754624014736 -0.32711959251875394 40
1754624014825 -0.4938251116906664 41
1754624015013 -1.098416536653507 42
1754624015074 -0.26666044890110624 43
1754624015134 -0.29900950273891874 44
1754624015181 -0.19731841613526196 45
1754624015207 -0.15348237387768363 46
1754624015250 -0.3429591740139912 47
1754624015365 -0.6392003999746526 48
1754624015465 -0.5286772785660188 49
1754624015482 -0.11092644486839195 50
1754624015828 -1.9236504294897967 51
1754624015854 -0.1459983329364299 52
1754624015882 -0.10653967173111338 53
1754624015963 -0.4034330978597038 54
1754624016133 -0.9907766858315669 55
1754624016157 -0.10186600081355152 56
1754624016197 -0.1927627077895581 57
1754624016273 -0.41441672951092645 58
1754624016371 -0.4879217711712788 59
1754624016423 -0.3744362630374848 60
1754624016454 -0.181847196163365 61
1754624016534 -0.30070753385456145 62
1754624016557 -0.1389977270668578 63
1754624016613 -0.27840911666174534 64
1754624016648 -0.1395692114166312 65
1754624016710 -0.3444435330282895 66
1754624016748 -0.18575729019428863 67
1754624016888 -0.6083192889661159 68
1754624016933 -0.2078618520286806 69
1754624017223 -1.6695263735847923 70
1754624017348 -0.7769510915925069 71
1754624017422 -0.3020375343376286 72
1754624017533 -0.5455725448099019 73
1754624017698 -0.8794171481033971 74
1754624017784 -0.3579246088880619 75
1754624017906 -0.4648847638623865 76
1754624018079 -0.9451352923288633 77
1754624018110 -0.16201149598208195 78
1754624018207 -0.4991593814080622 79
1754624018239 -0.19845039449854576 80
1754624018379 -0.7123638365039264 81
1754624018405 -0.13649964988444002 82
1754624018552 -0.718358815577135 83
1754624018616 -0.2601942305990502 84
1754624018664 -0.24880438640617608 85
1754624018930 -1.4980329912060562 86
1754624018960 -0.16169365420829176 87
1754624019159 -1.1131784727556784 88
1754624019172 -0.046856743218195364 89
1754624019315 -0.7817905322418659 90
1754624019373 -0.22309348606967738 91
1754624019397 -0.09493744457985659 92
1754624019479 -0.4334087306284324 93
1754624019513 -0.20094948077612934 94
1754624019647 -0.7060402206298203 95
1754624019659 -0.05924972725604494 96
1754624019756 -0.5771047987560012 97
1754624019853 -0.58908772399557 98
1754624019869 -0.06179940941011962 99
