1754624012246 35.0 0
1754624012378 73.0 1
1754624012466 55.0 2
1754624012538 50.0 3
1754624012573 21.0 4
1754624012600 13.0 5
1754624012639 20.0 6
1754624012767 24.0 7
1754624012821 17.0 8
1754624012872 23.0 9
1754624012894 13.0 10
1754624012980 49.0 11
1754624013004 11.0 12
1754624013031 18.0 13
1754624013080 22.0 14
1754624013165 30.0 15
1754624013200 21.0 16
1754624013285 49.0 17
1754624013323 22.0 18
1754624013355 14.0 19
1754624013434 43.0 20
1754624013496 42.0 21
1754624013610 56.0 22
1754624013712 54.0 23
1754624014069 200.0 24
1754624014093 16.0 25
1754624014124 17.0 26
1754624014151 20.0 27
1754624014178 16.0 28
1754624014264 56.0 29
1754624014311 28.0 30
1754624014335 13.0 31
1754624014456 66.0 32
1754624014478 14.0 33
1754624014490 7.0 34
1754624014512 13.0 35
1754624014543 17.0 36
1754624014591 29.0 37
1754624014607 9.0 38
1754624014669 32.0 39
1754624014736 37.0 40
1754624014825 53.0 41
1754624015013 115.0 42
1754624015074 30.0 43
1754624015134 32.0 44
1754624015181 22.0 45
1754624015207 17.0 46
1754624015250 35.0 47
1754624015365 69.0 48
1754624015465 58.0 49
1754624015482 11.0 50
1754624015828 200.0 51
1754624015854 16.0 52
1754624015882 12.0 53
1754624015963 44.0 54
1754624016133 104.0 55
1754624016157 12.0 56
1754624016197 22.0 57
1754624016273 45.0 58
1754624016371 53.0 59
1754624016423 40.0 60
1754624016454 20.0 61
1754624016534 34.0 62
1754624016557 14.0 63
1754624016613 31.0 64
1754624016648 16.0 65
1754624016710 38.0 66
1754624016748 21.0 67
1754624016888 66.0 68
1754624016933 24.0 69
1754624017223 172.0 70
1754624017348 82.0 71
1754624017422 33.0 72
1754624017533 60.0 73
1754624017698 93.0 74
1754624017784 39.0 75
1754624017906 51.0 76
1754624018079 98.0 77
1754624018110 18.0 78
1754624018207 55.0 79
1754624018239 21.0 80
1754624018379 76.0 81
1754624018405 15.0 82
1754624018552 78.0 83
1754624018616 29.0 84
1754624018664 27.0 85
1754624018930 156.0 86
1754624018960 19.0 87
1754624019159 118.0 88
1754624019172 6.0 89
1754624019315 82.0 90
1754624019373 26.0 91
1754624019397 11.0 92
1754624019479 47.0 93
1754624019513 22.0 94
1754624019647 75.0 95
1754624019659 6.0 96
1754624019756 61.0 97
1754624019853 63.0 98
1754624019869 7.0 99
