1754624012246 0.7116623997762308 0
1754624012378 0.6252727948366764 1
1754624012466 0.6687103314213827 2
1754624012538 0.7051466094280284 3
1754624012573 0.7096002830611744 4
1754624012600 0.6790898172162744 5
1754624012639 0.689526523597012 6
1754624012767 0.6426584820082255 7
1754624012821 0.7578486506920835 8
1754624012872 0.6911306686616013 9
1754624012894 0.6541554988699795 10
1754624012980 0.6694888066189846 11
1754624013004 0.7133206558189087 12
1754624013031 0.7033887231539848 13
1754624013080 0.7273725950342667 14
1754624013165 0.6655158682411184 15
1754624013200 0.805288438688787 16
1754624013285 0.7811299268373463 17
1754624013323 0.687236512960167 18
1754624013355 0.6818077866307254 19
1754624013434 0.7134356066757925 20
1754624013496 0.7177690419197069 21
1754624013610 0.6520288532965267 22
1754624013712 0.7327430256669263 23
1754624014069 0.7686665260028428 24
1754624014093 0.6776241196572481 25
1754624014124 0.6968553344323493 26
1754624014151 0.7201850232399687 27
1754624014178 0.6673590458568291 28
1754624014264 0.7222907953547976 29
1754624014311 0.7644361671360475 30
1754624014335 0.7837386846800461 31
1754624014456 0.6431548344874878 32
1754624014478 0.7059353535673131 33
1754624014490 0.6724622040232946 34
1754624014512 0.6901476065299554 35
1754624014543 0.6600680768572833 36
1754624014591 0.6955696699391204 37
1754624014607 0.6748991053385681 38
1754624014669 0.7244567111048653 39
1754624014736 0.679142619418852 40
1754624014825 0.7125933311961076 41
1754624015013 0.7132806697515638 42
1754624015074 0.6774029829843142 43
1754624015134 0.7172211112944293 44
1754624015181 0.7132243872940442 45
1754624015207 0.7134398617675197 46
1754624015250 0.6619799112906363 47
1754624015365 0.7136451308102829 48
1754624015465 0.7317332904843699 49
1754624015482 0.6870675430291838 50
1754624015828 0.6968597279882863 51
1754624015854 0.6892837192007344 52
1754624015882 0.7357091359378632 53
1754624015963 0.7271021211840869 54
1754624016133 0.6683573372283182 55
1754624016157 0.7388699200213494 56
1754624016197 0.7015022914778454 57
1754624016273 0.6564539755239029 58
1754624016371 0.708684256122643 59
1754624016423 0.6836300640701033 60
1754624016454 0.6266493938531075 61
1754624016534 0.7017540548469074 62
1754624016557 0.6951030693311792 63
1754624016613 0.689604598637746 64
1754624016648 0.6869293551165201 65
1754624016710 0.7157563993399142 66
1754624016748 0.6906222527923196 67
1754624016888 0.6975056685211218 68
1754624016933 0.6998598053842835 69
1754624017223 0.7301973284358027 70
1754624017348 0.7682684789747233 71
1754624017422 0.6513816571023858 72
1754624017533 0.694509213462654 73
1754624017698 0.6797430267673237 74
1754624017784 0.7515420830591764 75
1754624017906 0.6205424266594474 76
1754624018079 0.6257711676578743 77
1754624018110 0.7001866609740961 78
1754624018207 0.7393575008880173 79
1754624018239 0.6575288967525132 80
1754624018379 0.7089833323802359 81
1754624018405 0.7019862632901046 82
1754624018552 0.644227943448929 83
1754624018616 0.7104920456473589 84
1754624018664 0.6659281469394825 85
1754624018930 0.6974161924204665 86
1754624018960 0.6883374644001492 87
1754624019159 0.7242594417881799 88
1754624019172 0.7337303362366642 89
1754624019315 0.6881756624123552 90
1754624019373 0.6923647889824622 91
1754624019397 0.7429664159212566 92
1754624019479 0.6786457942741952 93
1754624019513 0.6503812988681938 94
1754624019647 0.7424861981493438 95
1754624019659 0.6745550632760109 96
1754624019756 0.6685395887696779 97
1754624019853 0.6578374928706525 98
1754624019869 0.770696873968993 99
