1754790106260 0.1164171600281397 0
1754790106269 0.10758492896309106 1
1754790106281 0.10916059197339953 2
1754790106292 0.11589619305927598 3
1754790106301 0.10900490780477216 4
1754790106310 0.12479234910825274 5
1754790106322 0.10882402266416358 6
1754790106334 0.10845868432330674 7
1754790106346 0.12226287727186691 8
1754790106354 0.1113868908889615 9
1754790106363 0.12511728977284636 10
1754790106372 0.1223399560824258 11
1754790106380 0.11147893739755381 12
1754790106389 0.13640030398373798 13
1754790106401 0.11161984041321979 14
1754790106410 0.11976598449578331 15
1754790106421 0.11099049815695608 16
1754790106433 0.10358182127956028 17
1754790106442 0.11270611968353628 18
1754790106450 0.11508901504821631 19
1754790106459 0.12472638559268827 20
1754790106468 0.11457631013280414 21
1754790106479 0.12382871864882627 22
1754790106491 0.11024438609599282 23
1754790106499 0.10839430273186239 24
1754790106508 0.13173433380239125 25
1754790106520 0.10926997981385873 26
1754790106528 0.13117491643671758 27
1754790106537 0.09762984475996651 28
1754790106549 0.12311269023823934 29
1754790106561 0.10769739081213299 30
1754790106569 0.10442411278068317 31
1754790106578 0.10547274417031918 32
1754790106590 0.11396195709956003 33
1754790106598 0.10587937390458221 34
1754790106607 0.1093020141547992 35
1754790106616 0.11197200419734563 36
1754790106624 0.10852999361847375 37
1754790106636 0.12112590135812988 38
1754790106648 0.10690918175975248 39
1754790106657 0.11966257658155663 40
1754790106665 0.11593801834347583 41
1754790106674 0.10660765494112476 42
1754790106683 0.10620861808320874 43
1754790106692 0.11137354370324012 44
1754790106704 0.10952031963783773 45
1754790106713 0.13250353901069414 46
1754790106721 0.10235969078579961 47
1754790106730 0.1106618980889954 48
1754790106739 0.13365201440110508 49
1754790106748 0.13062275153592187 50
1754790106760 0.09718325654349673 51
1754790106769 0.10526822861537877 52
1754790106778 0.10665847289479591 53
1754790106790 0.10617126545625091 54
1754790106799 0.1202485225486624 55
1754790106808 0.11708543098353479 56
1754790106817 0.11794757916583165 57
1754790106827 0.10989491080118066 58
1754790106839 0.10592399101657976 59
1754790106848 0.12462532427260667 60
1754790106857 0.1186688990953578 61
1754790106869 0.10625684949963954 62
1754790106878 0.12289108764543352 63
1754790106888 0.10848751806412708 64
1754790106897 0.10489503961106264 65
1754790106906 0.11606957994279013 66
1754790106915 0.10671324419952874 67
1754790106924 0.10936394549487202 68
1754790106934 0.11078316626977372 69
1754790106943 0.13000333510886203 70
1754790106956 0.11436463613947101 71
1754790106968 0.10514258215947128 72
1754790106978 0.11536933135576515 73
1754790106987 0.10684545904977953 74
1754790106996 0.11425076030146145 75
1754790107006 0.1044307193738477 76
1754790107018 0.11797067450290817 77
1754790107028 0.11772928084725591 78
1754790107037 0.11931723259416602 79
