1754790106260 0.09653147814360066 0
1754790106269 0.10585437759246838 1
1754790106281 0.04751028081556191 2
1754790106292 0.05130534182671176 3
1754790106301 0.12304828672634774 4
1754790106310 0.12048321512002377 5
1754790106322 0.06145607423616709 6
1754790106334 0.04850142983047036 7
1754790106346 0.054916274342075 8
1754790106354 0.10578264371613484 9
1754790106363 0.11784688656553799 10
1754790106372 0.11278588879653975 11
1754790106380 0.09852093582773103 12
1754790106389 0.11053862158833501 13
1754790106401 0.042158379878778594 14
1754790106410 0.11194103506555295 15
1754790106421 0.0739251416507123 16
1754790106433 0.06265367211914459 17
1754790106442 0.1109962934352533 18
1754790106450 0.10205001548762058 19
1754790106459 0.10431165087360841 20
1754790106468 0.10432016456830451 21
1754790106479 0.06262674943174266 22
1754790106491 0.06944340413841946 23
1754790106499 0.10102939999299809 24
1754790106508 0.11302356355305945 25
1754790106520 0.052768806172984975 26
1754790106528 0.10026718928277059 27
1754790106537 0.10752757107278557 28
1754790106549 0.030633569660437104 29
1754790106561 0.04870629850817462 30
1754790106569 0.11641496603615342 31
1754790106578 0.11798126365642866 32
1754790106590 0.08423993662085401 33
1754790106598 0.11690941306948233 34
1754790106607 0.11829749926890099 35
1754790106616 0.10542814298737076 36
1754790106624 0.10614121877103602 37
1754790106636 0.047780164098144756 38
1754790106648 0.07260152253340842 39
1754790106657 0.12777349494167445 40
1754790106665 0.09972190736307451 41
1754790106674 0.10885037806020126 42
1754790106683 0.10098233283551902 43
1754790106692 0.11764346454634826 44
1754790106704 0.03311794126593186 45
1754790106713 0.0901366132003701 46
1754790106721 0.10822233114222497 47
1754790106730 0.09959687323041169 48
1754790106739 0.10989872100285862 49
1754790106748 0.10117626032698843 50
1754790106760 0.08264179373788824 51
1754790106769 0.10305769614129726 52
1754790106778 0.11833337719362716 53
1754790106790 0.06192646141112494 54
1754790106799 0.0987243774334468 55
1754790106808 0.11491616158735789 56
1754790106817 0.11722183241972292 57
1754790106827 0.11638532247524384 58
1754790106839 0.05092838335402181 59
1754790106848 0.10432177927577979 60
1754790106857 0.1111735386686444 61
1754790106869 0.06480651991298965 62
1754790106878 0.0985203675664301 63
1754790106888 0.10248206693324655 64
1754790106897 0.10666466536747816 65
1754790106906 0.09928758363372853 66
1754790106915 0.09925983458994192 67
1754790106924 0.09745457791715186 68
1754790106934 0.09961384881549365 69
1754790106943 0.10593309621382599 70
1754790106956 0.038527838478892545 71
1754790106968 0.06062153592568907 72
1754790106978 0.11491428790061753 73
1754790106987 0.10676596040491146 74
1754790106996 0.09907439475353279 75
1754790107006 0.10559347065437823 76
1754790107018 0.044747369234438256 77
1754790107028 0.09730039780989849 78
1754790107037 0.11070547588718874 79
