1754790106260 0.09509133979385957 0
1754790106269 0.09079988746528259 1
1754790106281 0.07519018886597788 2
1754790106292 0.08013547002585213 3
1754790106301 0.11264506581329918 4
1754790106310 0.06195710765921714 5
1754790106322 0.1501656671999397 6
1754790106334 0.08447339316284079 7
1754790106346 0.07610288395292404 8
1754790106354 0.1502750867005945 9
1754790106363 0.06664189433532233 10
1754790106372 0.12468265740583959 11
1754790106380 0.07120529280835583 12
1754790106389 0.18471630108369314 13
1754790106401 0.1498760403454252 14
1754790106410 0.08974382602564521 15
1754790106421 0.11163229895868501 16
1754790106433 0.057883237563484256 17
1754790106442 0.07799060144018473 18
1754790106450 0.09321812907370308 19
1754790106459 0.126429810754669 20
1754790106468 0.09294170966348059 21
1754790106479 0.11383689622287214 22
1754790106491 0.09244324756864905 23
1754790106499 0.19948738678211483 24
1754790106508 0.13799385380344908 25
1754790106520 0.17552728297908543 26
1754790106528 0.11778190958484203 27
1754790106537 0.1252581578457109 28
1754790106549 0.14468214969198848 29
1754790106561 0.17115432056369356 30
1754790106569 0.12993295126212664 31
1754790106578 0.08888444256508769 32
1754790106590 0.061209870273967584 33
1754790106598 0.08393366478708267 34
1754790106607 0.16356152325026513 35
1754790106616 0.07088814361639831 36
1754790106624 0.10509225916569029 37
1754790106636 0.08127017511586913 38
1754790106648 0.06882953665354208 39
1754790106657 0.07275886086010405 40
1754790106665 0.16776471995934977 41
1754790106674 0.11682325094864403 42
1754790106683 0.05682820734191729 43
1754790106692 0.14844173544090805 44
1754790106704 0.07469880732768815 45
1754790106713 0.1780712175321238 46
1754790106721 0.10171676886675822 47
1754790106730 0.0723804873463525 48
1754790106739 0.10405778251277535 49
1754790106748 0.1020718567589551 50
1754790106760 0.10853098407779652 51
1754790106769 0.09510998713108894 52
1754790106778 0.09355355541247742 53
1754790106790 0.12661364209821588 54
1754790106799 0.09587753512707575 55
1754790106808 0.2104457728952159 56
1754790106817 0.09722865067869772 57
1754790106827 0.0746764289675049 58
1754790106839 0.07430495344608339 59
1754790106848 0.15344942672980863 60
1754790106857 0.04381643587602291 61
1754790106869 0.11360058650787312 62
1754790106878 0.20593013620730788 63
1754790106888 0.11490582128143725 64
1754790106897 0.16197758845887567 65
1754790106906 0.16616005598947278 66
1754790106915 0.09687781786410135 67
1754790106924 0.15556516721353814 68
1754790106934 0.12011704909490621 69
1754790106943 0.07635458018875844 70
1754790106956 0.14018452193371064 71
1754790106968 0.15448492899167884 72
1754790106978 0.09933344202853096 73
1754790106987 0.12216334724813471 74
1754790106996 0.08741079840961223 75
1754790107006 0.0853597592183954 76
1754790107018 0.16304332321567366 77
1754790107028 0.1015118933185251 78
1754790107037 0.14297933844318358 79
