1754790106260 0.9892257049959277 0
1754790106269 0.9902187262263704 1
1754790106281 1.0428906834736118 2
1754790106292 1.0420755155748918 3
1754790106301 0.9900020769918791 4
1754790106310 0.990957581202462 5
1754790106322 1.0290354869519358 6
1754790106334 1.0447845850590376 7
1754790106346 1.0473827736530048 8
1754790106354 0.9898506740527299 9
1754790106363 0.99067695951834 10
1754790106372 0.9899999999999999 11
1754790106380 0.9911410899135797 12
1754790106389 0.9878701581118137 13
1754790106401 1.0688821237461459 14
1754790106410 0.9899999999999999 15
1754790106421 1.0157428157085129 16
1754790106433 1.0360369591844627 17
1754790106442 0.9898358278590486 18
1754790106450 0.9905143760898154 19
1754790106459 0.9899999999999999 20
1754790106468 0.9910096841540146 21
1754790106479 1.0370812621158738 22
1754790106491 1.0381540848205024 23
1754790106499 0.9900887335082287 24
1754790106508 0.9900384838784644 25
1754790106520 1.04487150525362 26
1754790106528 0.9899999999999999 27
1754790106537 0.9899999999999999 28
1754790106549 1.0487845910023235 29
1754790106561 1.0407921384461432 30
1754790106569 0.9900844294469873 31
1754790106578 0.9901411824450919 32
1754790106590 1.0188355803513192 33
1754790106598 0.9899999999999999 34
1754790106607 0.9899999999999999 35
1754790106616 0.9903378579159889 36
1754790106624 0.9901955216370522 37
1754790106636 1.042206950253778 38
1754790106648 1.0148085269935039 39
1754790106657 0.9902618513868437 40
1754790106665 0.9902638201840175 41
1754790106674 0.9905024027845972 42
1754790106683 0.9899999999999999 43
1754790106692 0.9901295216984407 44
1754790106704 1.0656646081012877 45
1754790106713 0.9897907808416776 46
1754790106721 0.9886542444294519 47
1754790106730 0.9899999999999999 48
1754790106739 0.9902896948719431 49
1754790106748 0.98953963146299 50
1754790106760 1.0212303437778587 51
1754790106769 0.9891168929678854 52
1754790106778 0.9899999999999999 53
1754790106790 1.0322368047377066 54
1754790106799 0.9894019540927842 55
1754790106808 0.9904104061192296 56
1754790106817 0.9899906449861747 57
1754790106827 0.9899215434393291 58
1754790106839 1.0331238246511125 59
1754790106848 0.988280192705068 60
1754790106857 0.9900466986492933 61
1754790106869 1.0283793741781075 62
1754790106878 0.9898866640613061 63
1754790106888 0.9895633438078866 64
1754790106897 0.9889664190431309 65
1754790106906 0.9899999999999999 66
1754790106915 0.9901017014467319 67
1754790106924 0.9894858853765781 68
1754790106934 0.9897904359553061 69
1754790106943 0.9894520350419412 70
1754790106956 1.0481596199640226 71
1754790106968 1.0288438917364053 72
1754790106978 0.9899343154913608 73
1754790106987 0.989311014456225 74
1754790106996 0.9899999999999999 75
1754790107006 0.9898474830167845 76
1754790107018 1.0490911509807872 77
1754790107028 0.9898478520312474 78
1754790107037 0.9897078520313282 79
