1754790106260 1.0 0
1754790106269 1.0 1
1754790106281 1.0 2
1754790106292 1.0 3
1754790106301 1.0 4
1754790106310 1.0 5
1754790106322 1.0 6
1754790106334 1.0 7
1754790106346 1.0 8
1754790106354 1.0 9
1754790106363 1.0 10
1754790106372 1.0 11
1754790106380 1.0 12
1754790106389 1.0 13
1754790106401 1.0 14
1754790106410 1.0 15
1754790106421 1.0 16
1754790106433 1.0 17
1754790106442 1.0 18
1754790106450 1.0 19
1754790106459 1.0 20
1754790106468 1.0 21
1754790106479 1.0 22
1754790106491 1.0 23
1754790106499 1.0 24
1754790106508 1.0 25
1754790106520 1.0 26
1754790106528 1.0 27
1754790106537 1.0 28
1754790106549 1.0 29
1754790106561 1.0 30
1754790106569 1.0 31
1754790106578 1.0 32
1754790106590 1.0 33
1754790106598 1.0 34
1754790106607 1.0 35
1754790106616 1.0 36
1754790106624 1.0 37
1754790106636 1.0 38
1754790106648 1.0 39
1754790106657 1.0 40
1754790106665 1.0 41
1754790106674 1.0 42
1754790106683 1.0 43
1754790106692 1.0 44
1754790106704 1.0 45
1754790106713 1.0 46
1754790106721 1.0 47
1754790106730 1.0 48
1754790106739 1.0 49
1754790106748 1.0 50
1754790106760 1.0 51
1754790106769 1.0 52
1754790106778 1.0 53
1754790106790 1.0 54
1754790106799 1.0 55
1754790106808 1.0 56
1754790106817 1.0 57
1754790106827 1.0 58
1754790106839 1.0 59
1754790106848 1.0 60
1754790106857 1.0 61
1754790106869 1.0 62
1754790106878 1.0 63
1754790106888 1.0 64
1754790106897 1.0 65
1754790106906 1.0 66
1754790106915 1.0 67
1754790106924 1.0 68
1754790106934 1.0 69
1754790106943 1.0 70
1754790106956 1.0 71
1754790106968 1.0 72
1754790106978 1.0 73
1754790106987 1.0 74
1754790106996 1.0 75
1754790107006 1.0 76
1754790107018 1.0 77
1754790107028 1.0 78
1754790107037 1.0 79
