1754790106260 0.9999999999999999 0
1754790106269 0.9999999999999999 1
1754790106281 0.9999999999999999 2
1754790106292 0.9999999999999999 3
1754790106301 0.9999999999999999 4
1754790106310 0.9999999999999999 5
1754790106322 0.9999999999999999 6
1754790106334 0.9999999999999999 7
1754790106346 0.9999999999999999 8
1754790106354 0.9999999999999999 9
1754790106363 0.9999999999999999 10
1754790106372 0.9999999999999999 11
1754790106380 0.9999999999999999 12
1754790106389 0.9999999999999999 13
1754790106401 0.9999999999999999 14
1754790106410 0.9999999999999999 15
1754790106421 0.9999999999999999 16
1754790106433 0.9999999999999999 17
1754790106442 0.9999999999999999 18
1754790106450 0.9999999999999999 19
1754790106459 0.9999999999999999 20
1754790106468 0.9999999999999999 21
1754790106479 0.9999999999999999 22
1754790106491 0.9999999999999999 23
1754790106499 0.9999999999999999 24
1754790106508 0.9999999999999999 25
1754790106520 0.9999999999999999 26
1754790106528 0.9999999999999999 27
1754790106537 0.9999999999999999 28
1754790106549 0.9999999999999999 29
1754790106561 0.9999999999999999 30
1754790106569 0.9999999999999999 31
1754790106578 0.9999999999999999 32
1754790106590 0.9999999999999999 33
1754790106598 0.9999999999999999 34
1754790106607 0.9999999999999999 35
1754790106616 0.9999999999999999 36
1754790106624 0.9999999999999999 37
1754790106636 0.9999999999999999 38
1754790106648 0.9999999999999999 39
1754790106657 0.9999999999999999 40
1754790106665 0.9999999999999999 41
1754790106674 0.9999999999999999 42
1754790106683 0.9999999999999999 43
1754790106692 0.9999999999999999 44
1754790106704 0.9999999999999999 45
1754790106713 0.9999999999999999 46
1754790106721 0.9999999999999999 47
1754790106730 0.9999999999999999 48
1754790106739 0.9999999999999999 49
1754790106748 0.9999999999999999 50
1754790106760 0.9999999999999999 51
1754790106769 0.9999999999999999 52
1754790106778 0.9999999999999999 53
1754790106790 0.9999999999999999 54
1754790106799 0.9999999999999999 55
1754790106808 0.9999999999999999 56
1754790106817 0.9999999999999999 57
1754790106827 0.9999999999999999 58
1754790106839 0.9999999999999999 59
1754790106848 0.9999999999999999 60
1754790106857 0.9999999999999999 61
1754790106869 0.9999999999999999 62
1754790106878 0.9999999999999999 63
1754790106888 0.9999999999999999 64
1754790106897 0.9999999999999999 65
1754790106906 0.9999999999999999 66
1754790106915 0.9999999999999999 67
1754790106924 0.9999999999999999 68
1754790106934 0.9999999999999999 69
1754790106943 0.9999999999999999 70
1754790106956 0.9999999999999999 71
1754790106968 0.9999999999999999 72
1754790106978 0.9999999999999999 73
1754790106987 0.9999999999999999 74
1754790106996 0.9999999999999999 75
1754790107006 0.9999999999999999 76
1754790107018 0.9999999999999999 77
1754790107028 0.9999999999999999 78
1754790107037 0.9999999999999999 79
